953
373649655 480546335
-350765444 -679227715
35840025 860857593
629214290 788072780
-746942658 117125934
-913952983 -64279712
-371866565 -990966607
500380861 148147753
778716376 913765192
789000825 -181675872
88343908 677840257
-146569358 -434478219
-890564708 -528575679
161389264 -9507535
-938888642 -960115851
-682005621 592214117
-451060848 -569419848
888207921 744676528
36689958 113295995
-859228346 569693431
-999108578 -902772328
456385093 -554350455
756425726 -63034780
-923130911 301106976
-973548122 633555773
740933563 -594297034
-610829663 698148844
-270047522 884706082
-128673076 -299377225
-285857076 -685979415
376651416 -608464066
-345451670 582542376
204745337 679055043
942986121 131399365
608917017 -898294658
550657138 -967021626
-783249108 -200023468
957943104 257825947
-548329839 -986812571
-963739282 134488834
994014972 927322969
-978707718 -184428319
-927392587 -871964049
707571319 -820300075
-145368207 425913815
563471832 -338824268
300138146 -224288403
-988410158 516946264
-609998136 -358762396
207469782 -775838076
-196860170 436401415
734905978 -968186720
-890147496 41055464
469911339 -852000515
-358718831 939666737
177087299 -313121871
636111478 744994558
-913147126 33330514
-514304491 -500922484
-927830123 216819340
-404123001 188476232
-25369523 756651270
-567284066 277073996
831082654 565504268
-539410768 592158436
760592232 -903528789
-958510208 534232516
9746883 400083987
233249330 856812113
-791175013 -266722689
930599491 255222714
796289717 -83835907
-487837939 -206697949
449090581 -746645760
812123326 -256341672
-689306844 287127035
141301014 -477792706
-880191384 -130294618
364653792 -389067816
-182099819 -594482380
569027409 691961550
966800923 954818237
-722206194 -748951136
720374540 -384929428
652310593 273097194
564964497 -873923730
-16532543 -896597513
-990197905 535053493
923005440 -676457270
-645931094 -841082695
600971914 712345335
-40308102 939540716
206535999 709940219
339096579 -432417307
-312941355 176398098
252789613 -474953627
-409308236 629635069
177528880 -33685153
-262000281 -550833639
-410691968 -815703394
-49452638 -169528201
455047423 175990111
-20515947 -949121007
-336921437 854731579
-377637885 476956111
-153070598 690772327
-20515947 -575256155
-270874651 -512673848
-429936140 815889657
-336921437 748512048
-255934718 -988071084
-336921437 75765188
-299832960 257171199
443945247 -961252874
-410691968 -198361932
-320003659 -885656605
-295953941 -404832901
-527928710 242502424
119041200 138122407
-309011601 -348684963
-264743869 851206170
-275167944 -983042118
-336921437 -279309377
13033071 -899118858
252789613 -555914512
-260600848 -251689351
-264743869 -520978546
-410691968 966091245
341778981 476689661
-766949165 506216291
-299832960 -815261240
-407263110 430740760
-260600848 192840911
-410691968 -235321674
-255934718 -226687959
-410691968 406481434
-409308236 -729829155
443945247 -878641203
39120374 -92745095
608495638 -443738123
443945247 153793685
-283471381 -458507909
-20515947 -565839713
39120374 99294635
-156975864 535591350
-17917594 -122724877
-320003659 919059347
-20515947 929994750
455047423 573792236
252789613 239123491
-409308236 -19037843
252789613 799588278
-320003659 -426449264
256465564 -305351405
-275167944 543281370
-129936192 597864534
-774735713 513724748
-31055060 822797507
-433080460 -873652893
-409308236 -200985320
-410691968 380958709
-52837151 -167704090
-433080460 801984113
-17917594 887755606
-336921437 -160468319
-31055060 903475694
239635756 -478630274
-153070598 306882785
-510608585 269521819
-54553104 771474070
-260600848 317346432
-277768351 -483030938
-17917594 -414930736
-429936140 767357682
-264743869 -855131578
-49452638 243303940
-409308236 -175517931
-363165573 60730202
-320003659 760612216
-40599252 803610214
-315019501 -322850993
-524685885 247561231
455047423 -829969647
-31055060 -347900301
-260600848 -914917946
-275167944 -377502876
528078802 -451345121
455047423 546892361
341778981 -745375952
-37806782 -427895767
-20515947 828758962
341778981 678949912
-153070598 -683774021
-336921437 41401777
-429936140 -865760283
341778981 -823950596
-264743869 143070012
-264743869 -811014378
410362044 -462480490
-307437461 -355453765
-299832960 790469405
-17917594 -921015918
-275167944 916318531
-52837151 836366459
-320003659 -567657701
-17917594 926529484
-523623341 271580675
-17917594 570091769
-264743869 -846964959
-17917594 -746692753
-49452638 193434270
-320003659 439841492
-264743869 522008628
-299832960 878428071
-20515947 165918470
-323414431 -286752794
-588011785 148772827
-361352645 115105361
-170284632 504940854
9949026 -449303543
-254726471 -582111022
-409308236 505643239
-260600848 897456323
-509617860 271067350
443945247 -966868615
-409308236 546105272
-275167944 753296458
-310163891 -343730116
-31055060 230590452
443945247 -359076878
-410691968 917249034
-255934718 -515558557
77232160 260936462
13033071 -416770380
-299832960 -416505250
-721590677 462477749
635093162 -441222141
443945247 -783061898
455047423 182880745
-299832960 385931048
-52837151 -823898271
645856720 -741941489
106756752 174207973
13033071 224858432
-68584656 -414098789
39120374 43115304
-31055060 -881277493
-299832960 735488374
455047423 420560936
341778981 777351109
443945247 798931355
-99389874 668213630
-428925860 396946870
-320003659 570221648
39120374 729903867
455047423 791947653
-433080460 -867402803
74605976 -478287693
-299832960 230208264
-20515947 950930062
-429936140 -252432222
13328660 -500037702
448800652 -520999837
-433080460 59021549
-17917594 22311975
-264743869 721291379
-31055060 -643132914
443945247 -782982628
-31055060 -909228022
244990174 -478123775
-320003659 -711300047
455047423 -46461557
-410691968 -787608797
-275167944 -969550881
-287191644 -316102553
39120374 860679583
443945247 -16261402
627229012 -721055877
-17917594 -871812175
-429936140 592309896
443945247 -781981667
-335242557 125037754
39120374 -215116133
666652330 -765257779
131761824 100755574
39120374 698592795
-527226810 243597388
-17917594 -887366010
66820272 291521383
-336921437 -152057011
-255934718 -103173276
443945247 -372979051
-49452638 -447487090
341778981 -557440807
-255934718 926515622
-336921437 -323665369
202306826 -482161389
341778981 356487190
-255934718 337113135
-271362301 -510576953
443945247 -361165986
443945247 612521945
-410691968 -458872493
-52837151 -490706263
-255934718 591577737
-275167944 -904291444
-49973364 782021350
-336921437 -474800354
-433080460 -369292293
-429936140 -988786842
128250808 -489166688
39120374 748985994
-336921437 -127338848
-279662309 36332537
39120374 -548558978
-275167944 -891550911
-52837151 977504464
-264743869 -8001884
-52837151 460605476
-227408724 -342901793
-336921437 650156301
-153070598 935486375
13033071 -582573518
-17917594 -455149568
341778981 -206194222
341778981 325295682
-410691968 -863234896
-21338638 -503317041
-31055060 -670281615
-20515947 501229638
-149489189 -89191543
-20515947 -618842737
13033071 -994708128
39120374 -690468097
-336915701 -228697333
-299832960 -862260268
443945247 -587295525
-433080460 -674850043
-410691968 -196399362
39120374 97300687
-52837151 -489333725
-320003659 14551498
-275167944 637706167
-17917594 -569060184
-20515947 -833599760
-153070598 784703516
192642878 -531200787
341778981 -455859310
-320003659 -453130294
-299832960 -995695742
108683680 168547622
532957186 -615357163
-20515947 -334874714
-410691968 -408733117
-153070598 607895763
455047423 597637587
-299832960 474703855
-256849311 -572982810
-64763540 -507424802
-255934718 -409281273
-494781510 294212056
-410691968 15667912
401325796 -467770453
-31055060 69087435
13033071 -667863314
-433080460 596929331
-49452638 -634811258
292632772 -345902517
39120374 890569620
-264743869 596783951
-410691968 -869429372
-336921437 573133549
455047423 506886268
-54292437 772074394
-503342260 280857286
-255934718 -607255392
39120374 -364437672
-275167944 -370354830
37828416 376684960
-320003659 -990860418
-153070598 -882641460
-275167944 794443421
455047423 -37142795
-511951260 267427246
-255934718 641379425
252789613 -479496002
265873714 -476148305
-20515947 108299167
13033071 -88716951
-20515947 -941570662
323971486 -381039863
-410691968 358214718
-336921437 984379826
457880668 -531180461
252789613 409800155
13033071 -919165861
455047423 451764290
-433080460 -659354089
-275167944 -902278074
-153070598 -506532657
-320003659 137615737
-260600848 -583737289
-255934718 -910933387
55142144 325825884
96497216 204345360
-320003659 -139217482
-17917594 490629828
-153070598 -876210913
341778981 387207904
-433080460 -955576725
56090688 323039536
-264743869 -955272102
-20515947 -939669404
-49452638 -781076332
-20515947 -635954412
-429936140 628469217
13033071 369709269
-158201682 532768254
-487808009 237044462
-57520346 -506739635
-320003659 721933834
443945247 -900584838
-31055060 -843154404
341778981 720770696
-401272889 153599882
180510960 -525762341
-20515947 -666712787
455047423 -906775184
-255934718 -853537268
-49452638 -189399235
-260600848 773145498
-52837151 423430513
-153070598 759014913
39120374 -687613482
13033071 826471890
-208238592 417531734
-20515947 -79162485
-336921437 50697672
-429936140 -996950896
475981766 -456273219
443945247 714307524
-316383783 168470082
-17917594 -528706706
50386768 339794801
-410691968 911081463
-17917594 106702122
39120374 830174758
-17917594 -13302213
-433080460 445157416
-113825816 -393818269
-409308236 -160822196
-275167944 173377483
-264743869 -877494764
563144516 -448028094
341778981 -169186477
-336921437 -682255977
443945247 725947716
-299832960 238920958
-307109364 189829350
455047423 313903849
-31055060 141497103
-320003659 52321066
13898478 -451073987
455047423 -792351958
-191043821 -49121005
-20515947 748954323
-301818171 -379616712
455047423 -720284481
-349125521 -176195107
-260600848 -374184533
252789613 324127734
-336921437 679448119
252789613 -758208523
13033071 381805012
-479864213 229384373
-49452638 -869199213
-31055060 670391470
-409308236 536241979
106085776 176178965
-255934718 -417122738
-500235977 249028574
-299832960 -456900206
341778981 -455791733
606687436 -698024413
-260600848 853134510
-320003659 832323217
243415898 -478272693
-289932701 -430724233
-328651500 140217158
-429936140 854167047
-246924426 328437086
-433080460 -279356858
252789613 -249706185
-153070598 503758189
-17917594 -439016025
13033071 108678026
341778981 -624509104
-255934718 745228467
472850456 -456569424
-429936140 -149642688
-611644635 111905581
-329241481 -261696479
529378612 -451222166
-320003659 -59189861
39120374 338881725
-17917594 4457495
-49452638 493056228
13033071 983461610
-153070598 -923675373
668463634 -767288635
455047423 -662975450
-320003659 -726086688
455047423 457234711
-153070598 -821257761
-410691968 780724109
443945247 941642783
39120374 251498809
-281897471 -465275722
252789613 -835826479
-429936140 -548328001
-139799117 -98535541
455047423 840277389
-260600848 -323622871
-320003659 603579263
-255934718 723194143
-335795691 -233513376
252789613 895364699
-31055060 -784280941
-409308236 -576946828
-410691968 297995371
-299832960 72738008
13033071 -349373111
39120374 485644145
61431392 -472381845
-260600848 239463532
-409308236 -916209766
252789613 769560142
-299832960 382483891
-336921437 -893036488
-255934718 -240502041
-49452638 -550391199
-673021205 415642901
-409308236 99147562
373659598 -465952343
-265496222 -325828087
-299832960 781179144
-316217166 168853806
112809344 156428484
-320003659 -563096609
98028290 -488787351
58460512 316078178
-20515947 -933369828
-433080460 -958481486
243681760 -291018049
-275167944 -386973620
-320003659 -211296556
-407165660 430892782
-409308236 -281256960
-125729968 -388481925
-20515947 -547205774
-409308236 -681241095
-897488105 632093126
-75141881 -160883590
-264743869 656167626
-429936140 -955921305
252789613 -503720709
-409308236 556700717
-20515947 577995061
-255934718 -760600855
-299832960 -644165972
341778981 568534186
-299832960 908035348
252789613 -860441111
13033071 -900607101
-433080460 -983036830
-429936140 534725806
-264743869 673741415
-260600848 72206424
-320003659 469714024
-555911960 198848554
443945247 -971245931
-260600848 38086191
-17917594 -451830602
-299832960 -875723168
-31055060 -362171523
-291646151 -423356398
-20515947 -912566576
-49452638 727648261
341778981 992297177
-299832960 -194915951
693896932 -795804757
-433080460 70630295
-275167944 655314001
-31055060 892330762
-410691968 269314171
158458512 22334053
10171376 -500336364
-275167944 -788232078
-52837151 -371195589
-336921437 877890801
341778981 -26370185
-49452638 -542068460
-433080460 -682110148
-20515947 -946783871
291160180 -473756342
-264743869 -316330148
-31055060 -829695136
-429936140 -289462675
-301337801 -381682303
-445232021 195989045
-410691968 -739277301
39120374 -571218654
-275167944 -196938025
252789613 -485895101
-429936140 991743955
-153070598 938672367
-409308236 -324320782
-20515947 50282951
-20515947 937462764
-264743869 401691114
-264743869 -673054592
-410691968 99762213
-429936140 -734437751
253454050 -301974859
-242466390 338704078
-52837151 -451291210
455047423 482592829
-151207745 -87534364
-384464185 466307083
13033071 901659774
-343041831 -202354974
107478976 172086440
-309891221 -344902597
252789613 234325612
-31055060 865631444
-264743869 708303230
-255934718 344559184
39120374 720446537
-433080460 982912475
443945247 -914182892
-409308236 -752908410
705351958 -808648271
-385636560 464478178
-409308236 782463479
-299832960 900635443
-153070598 644579885
-410691968 -688235838
-409308236 -533184097
116204212 -148088677
-409308236 17119230
-153070598 -807893342
-275167944 -872107570
-31055060 -741050539
124318582 -157186607
-299832960 -839358624
-153070598 68679565
443945247 366607019
99141248 196578516
-31055060 361722205
-275167944 -995575990
144003328 64796156
341778981 -881605788
445626448 -517440881
443945247 226563668
13033071 -803296683
-281580711 -466637790
-263473711 -544497890
-20515947 -357864913
71756432 277021413
-433080460 -988750468
-264743869 743509867
-260600848 -42536091
-283147536 -317915429
-409308236 -246931510
226662538 -271935891
-410691968 -892344299
13033071 15316086
431058532 -501107157
-409308236 700979659
-429936140 -166299523
-410691968 -373390558
13033071 -487601660
-153070598 891709094
-409308236 62819949
521842082 -451935081
-320003659 126693574
-275167944 -221634419
341778981 -279862529
13033071 -530524090
443945247 160040523
-299832960 -487337847
341778981 -867359395
341778981 -797377351
-260600848 951592
39120374 825124151
-20515947 259081034
-409308236 -954092903
39120374 -794807891
-45262912 -505580148
-49452638 -978514421
-276449731 -488701004
-31055060 -268126644
-299832960 -391586293
-264743869 -244028646
-190039208 -359653645
341663330 -468979017
6042398 -500726943
-17917594 -621773444
-264743869 97291026
-455391485 355660495
-264743869 728197193
-260600848 753999793
-433080460 -907676612
-153070598 -540650977
-17917594 -697868428
-318712098 163107902
-336921437 -856467552
-275167944 667425990
-153070598 -924681404
252789613 -381469136
-52837151 -146146688
13033071 -373299708
-410691968 -834913194
341778981 717281248
203666026 -246151923
-270235831 -515420774
-20515947 -928919100
-260600848 -33501418
-17917594 273989096
-560203913 306854798
-517681785 258487627
-409308236 -386049994
18628262 -453194235
-336921437 -274282045
-255934718 -964211893
-153070598 11774889
-299832960 439530182
-410691968 -934923482
-433080460 195988982
-410691968 -328138297
-153070598 125042477
-81923073 708440202
-153070598 -857117249
-387002585 462347179
536084002 -618862987
-260600848 -624638234
-446935860 368851270
39120374 952522528
176972544 -32050916
-275167944 914504227
252789613 827379768
-17917594 522775882
341778981 -834280544
-49452638 916830713
443945247 944522595
-52837151 226885530
-410691968 -489373605
-336921437 582038372
-153070598 -870364133
-31055060 956647923
-264743869 93897076
-299832960 -366998228
-320003659 975582619
-31055060 -35444650
-410691968 -246832647
44538832 356973113
536626456 -619471193
39120374 -651481711
-300523771 -385182632
536484028 -619311501
341778981 -891909520
455047423 -315079138
-49452638 771604744
-409308236 -853689346
-429936140 820603911
-320003659 372411266
443945247 185114119
455047423 -47420286
-320003659 -858221118
88037104 229196939
86424208 233934821
341778981 491489154
-260600848 545729923
-265937201 -533904883
-17917594 731627475
-280885451 -469627408
-20515947 -344221432
63585464 -495283680
-409308236 760343119
-153070598 -319927880
-255934718 -804706811
368659756 -431144893
-320003659 -243221240
-52837151 -872875784
-264743869 -479345635
-299832960 -773205234
-410691968 215086453
-19634788 -503155866
-264743869 789534677
-341900671 -207261962
-271957341 -508018281
-49452638 -499833247
13033071 692002756
-49452638 51623313
252789613 608125029
-58436973 762529402
567039950 -447659607
341778981 -970916506
130221364 -503218729
39120374 358977854
-299832960 -896357616
14389080 -499937392
-17917594 -235411819
-429936140 542929721
-409308236 -795403686
141667084 -508349569
13033071 -488133482
455047423 -483335187
638138878 -733288151
-153070598 64151506
39120374 852206333
-31055060 -924800106
455047423 309127270
-130021736 -386558029
-900563093 635058293
455047423 532063375
252789613 675664908
-410691968 536016248
-275167944 325060188
-275167944 -118839674
-299832960 894267327
-422109260 407580766
37810944 376736284
252789613 -200438002
-31055060 -397292469
-49452638 -157393219
-255934718 -62385093
-255934718 -741259737
-31055060 -974889382
13033071 -878921856
-433080460 -460115446
-20515947 -215684028
-17917594 -961101934
-440585185 378758323
-20515947 -256083882
-52837151 977953194
-409308236 -471069449
-255934718 -859301287
-264743869 200840104
137944956 -488249674
-20515947 -651597608
43386064 360359369
-264743869 -531686578
13033071 293352499
455047423 60216095
-429936140 154783322
-410691968 -75840451
39120374 -891108181
-31055060 127361914
-504330160 279316162
611807804 -443424810
-52837151 -587524002
-336921437 323884697
-291935641 -422111591
-335547929 90222242
-20515947 558580622
-264743869 -583882701
39120374 -511265311
-415541535 417826417
-275167944 -385630630
-336921437 -547964088
-321768021 -293832357
-256979171 -572424412
455047423 380089506
35361152 383932548
-17917594 -636759917
-336921437 717913545
148285198 -487271543
443945247 -697827892
-49452638 184999949
-299832960 -494101886
-17917594 827550207
-231715224 -340971293
39120374 -961031752
-31055060 -676528883
580378894 -446397815
-31055060 297952862
-433080460 -278709497
1977504 -501111460
-52837151 -593114130
455047423 -806543905
341778981 -234030702
-322084311 -292472310
-260600848 -26861898
94714866 -487302023
-260600848 -703375238
-429936140 633574915
-429936140 -937346843
-17917594 -822273992
-49452638 -469199435
-31055060 -445134592
39120374 -895684552
-255934718 929731200
-356705790 75607278
264373438 -476290223
-52837151 -57114958
-153070598 -49450874
-275167944 -395373186
18355332 -499562206
-173646665 -65896834
-336921437 -944683100
-429936140 -816903822
-410691968 747804939
-410691968 -923713893
365863920 -466689772
-336921437 998202796
252789613 433321107
-253464981 -587535429
-275167944 -929754706
-31055060 248916982
341778981 629011368
13322 -501297261
-299832960 -258156475
-336921437 445120586
-299832960 -978446160
-299832960 -83390307
-52837151 -212930319
-255934718 694241406
-20515947 -941012152
-20515947 418800069
-49452638 -481973683
252789613 503776950
-136402377 582972714
-52837151 928346694
529841038 -451178423
443945247 955277648
179825506 -219421643
252789613 -755842893
-273216831 -502602474
-275167944 644134055
-61824423 754728002
-420325710 410363104
-119355478 -391339455
13033071 -454024241
-410691968 678820246
39120374 -678447907
443945247 556663542
-260600848 62830247
-31055060 42550696
-260600848 -781014417
-275167944 288976436
-391968710 454600024
-410691968 -855763411
