968
850333878 -149204661
371140847 -882800428
-469297695 14054144
-222224384 -658181177
-569797564 982386050
901042792 -435494922
-945906500 -236128181
-263579833 65489108
956789470 196052132
601246604 -965907129
206706304 -722710940
-642282570 350118057
121969797 -960042481
-10402522 -948549622
-123449539 -554220393
794894113 82567782
235254690 201159281
537753967 -934768276
132925298 485469184
783179113 757058306
-168680955 -549418067
-96791391 812674467
416750527 -972570647
443635413 -89857515
-761272186 -201082698
335333670 748880540
-173440709 -942224959
948462799 -163870310
846197509 -949681740
737922549 339198196
-872024035 260913108
-202022440 -426524595
-505475901 -295181997
-643620431 -660475300
-472417179 -875505916
-277002390 -41643456
-28917492 -892005244
-555817623 -279946733
-135092376 -814369975
737574731 935872011
823636827 -22458595
288494285 -501648353
-390092171 -218565128
713392299 376146670
-501795500 -715708153
-910558399 592392263
395555327 -718011645
-970642797 71229167
793196968 -524060822
880663218 642388380
-985812231 669105922
-915649707 -663832569
-915978793 -313856521
-973732837 238060906
120591359 -652613477
664739515 860075489
369294244 293597656
-628637836 -103587834
401490257 246109103
95168577 -584064798
-436330971 35003486
-313951498 -422527629
99538604 -151465007
-963788729 -696566895
674017757 33182552
-853618178 370506539
-806196749 666030705
-913730651 963444074
370831916 367447196
-684967022 212071391
-746006905 811941076
975549872 -177967563
136867508 170199597
-110612447 450420151
124600760 161396073
104931328 289734087
-991648962 -792067880
-240752829 -680627477
132360208 -422063858
-695796787 732321031
683765638 657061347
662124733 -136892645
-859236353 -126406709
-863252702 -495664804
-756315537 -646545188
-424742318 -615517420
-779571763 -671911816
587586639 -915672302
-896103087 877168936
-103950725 744832161
504930142 -701497772
-594853396 775812438
-648080540 -459599618
-199122889 -938411172
622271498 64684574
319888414 -994015765
231263392 -308593148
-559052353 -958962668
-627811763 895319195
4774414 579659737
289627231 -112559761
316002839 -100354635
-117666455 224297215
-69365579 -515066851
397263725 -455947855
-586022004 1016778
-402073927 -345410024
-172030134 379254250
-175497261 875857165
242943329 373055393
602240423 191096378
42270806 -168546208
-22797641 165872777
82102412 -265449849
340020913 379199412
-383805335 -416200818
202311035 89041126
-96451111 -395360685
40779291 144108766
-125746044 -18517269
93700379 126067486
-585907760 -166596535
305129118 -66723810
-131299722 -8264325
238425445 -7772673
-142303835 -420898504
442993153 1224633
478695534 -508013588
-454092030 -287048840
82301035 -345016405
25854293 524043838
476145740 -506150277
42270806 -756495388
599712807 188082682
42270806 -722645117
-552603359 212851507
427113155 -269962945
-402172671 -345027391
-111126116 -271953798
-310564604 -272740521
-295924500 -485139873
-101053565 192460876
-355864191 382600211
68913835 -420338373
-51526373 175576606
-341766274 439874300
223763198 -433836414
-158885180 -149500989
353909007 365819419
-218596991 -682386919
65426311 204544446
-134627618 -2120517
164645893 82774959
490630167 125796899
326092460 -396495957
-79801921 67927321
316829314 -97366610
42270806 -573955758
6198041 227556807
406668817 -214253175
371643353 -669840723
847151 -25393000
-61219441 178881061
-242130971 221021833
-347404452 -384539213
84183575 129311851
-330880460 -289247154
-660279420 -98636225
215021712 -465440248
-43886266 -169643013
271876393 -259888709
538282607 114838982
154460648 -197244127
-521462104 -225486531
-140817359 288144872
143786624 -179376739
-89609948 -93214863
-436169839 215915547
404993590 373426857
-217980406 263570561
493625549 144460433
-242880970 -480052050
-67364165 141113597
180229116 253447375
-358684593 409394030
-210029594 137083131
350487402 -414323030
-482670760 -143890316
26050364 -397475433
38647447 -393961337
-271344039 -613976845
-11337236 -368814906
405065941 -212286009
598981973 187211303
212185199 383308103
-138138616 235182369
180267689 462701530
264768438 -202754250
191991112 285199862
-585445636 394224865
-243383468 -218155848
232571786 -328153926
240764988 -372368404
-34431267 739952122
-295239805 -484853546
-315040659 219103157
434546733 369461485
-337506752 -393583663
145880998 259583132
51528668 -263714337
488265409 -314394447
-256666364 409481475
-311552119 1016778
39548879 440853543
-408578087 -785519405
-371257349 528835212
42270806 -31641440
26489088 -395172132
21355673 -248102205
-50757364 -156957909
-338399837 1016778
417644765 -28998445
-9118907 296031759
-899475706 505880001
-27522579 213025507
-423618503 -261924792
-362979503 450195675
-18326716 100249336
-145250680 -422130821
-220675047 -550640605
125363578 -148538162
-198587367 -523031005
98126467 210125344
-142067054 368553150
-262294423 -28022345
411239128 -368870344
223440178 -312709862
325743375 2753871
449837563 355612128
216796693 -459023009
166101419 398669363
81235599 -430493673
472067376 10136432
-228174526 170581467
177673984 277245902
169997399 397370703
438491830 360119337
-96377564 -98713551
-359326455 -511056478
470303445 -854215
78692282 -292389876
-420091100 -361730799
460532355 351363512
-112502852 50734048
126982402 249083912
-251656954 407692400
-406139575 -329655638
464898556 -497931181
19237597 261230595
-52909790 149875954
463762625 -41608555
279926707 -58706040
173194573 465511398
114264238 -129958832
-355473499 378888637
42864982 -575425546
-449297643 1016778
461208775 -281188578
-77169837 184318696
81535952 -269924883
47813502 -536332238
461803816 -292089330
-66063599 -511364631
-363387937 454075798
42270806 -769761550
-519068410 -578454599
27662341 -406277971
50804440 -267516534
71041262 -352832934
33479985 674525428
17739066 -364099830
-21570312 97416393
-679476016 427657889
86530002 -230471888
-360987893 1016778
533138812 322519851
-325256291 410435903
459559020 453762156
-347811639 -555676390
105595324 237202202
-310519916 -272704212
-813974716 475479649
42270806 -726894271
-304634195 -778852875
-64764257 560042988
303848290 -380240602
242573413 -12863361
-432339372 -7217598
-400846274 -33173448
-10284821 -448824789
450638868 423697940
307343054 -382794468
-239529040 -461556317
42270806 -202244236
87029969 229683963
-129885805 585913192
-417269607 -286526764
42270806 -30070143
215249823 -464615539
-358643819 409006677
42270806 -234232374
140181668 -479075598
-496772935 1016778
-140962361 35770801
-83330985 -294861873
-486143748 -145716320
390948836 -443891001
-119998393 581985316
572993725 156225315
-357729713 400322670
-218774845 -452877290
18858968 -435230262
-366947207 487888863
404970372 -407929516
-231142726 268250497
-423390079 -262809935
-20046009 -75976440
-122464335 824764468
25275796 -401541915
107523637 238273487
147921127 -485454273
-738902190 -26791280
299441373 -3765809
152977929 559399360
-71908780 -117909141
126956834 -151205134
159050650 -341184438
-190310513 -650671777
42270806 -390009268
369792114 387411005
-582022804 -170146581
259942647 -219018953
-552149133 1016778
-73003094 343887450
444795014 -159791362
-105952999 -407238045
21904492 -419241261
-174931050 72285819
28516662 -688777274
42270806 -346303060
-339260716 1016778
495415558 155613566
-352536995 -832562075
520043303 205763207
42270806 -542892908
-610078368 1016778
-109332567 267269086
-236052903 -569862925
-671336308 -88532517
141118561 231107347
9823929 -3659748
-379981527 -431018074
-345741414 1016778
-379778703 -431804017
-365872549 477679612
42270806 -332339929
-714022606 439941121
336906246 -312342990
-387794134 1016778
42270806 -517251747
12484660 -10262994
-29697028 546112171
51508485 97260756
-124453963 277295229
-440008903 215814519
-92771397 796157857
31287302 -666889218
-381491575 -425166638
-132221554 -254567448
278456541 10148047
-266080602 240561915
101610137 -147784125
564713037 146352187
28825082 -686340756
-476274395 -560558920
-175603956 73528107
597745491 185737036
-498579016 1016778
-381993979 448055457
251534629 -23861217
395031638 -469855474
42301068 -312159237
-468007877 1016778
115907129 415400793
-373221079 547490647
-196323434 111779451
222898647 -343870953
87950557 229708189
321632944 -79999640
-454571956 1016778
-377960015 1016778
-158645854 -392702790
-408933288 -328314587
-402669367 -343102694
-356421583 -522312857
233294569 40092398
296685931 56867866
-249780227 360391991
277915829 645404852
145914586 259601792
31125724 9207811
179584096 -337854690
-129011276 -125228442
388820940 -508552900
-27395012 -200088405
-35956137 170268571
287274304 -368128843
-98135956 220959201
-284244121 1016778
299131770 -86937094
-422355751 -266817956
-365342151 -487745656
129526105 125876517
-250452812 -223899690
289883005 -70925133
-371925740 -322596444
148326359 404594383
-407900832 -104578292
-403656615 -339277108
40830120 -319881714
-387074075 -523256968
296353287 -171395323
-170750954 -222812448
-303828472 -424358643
-361484859 435996557
-309637172 -419050693
362530818 -308187654
89871061 157136827
27321622 -362545902
42270806 -285776958
-108544418 -50274117
-72390539 138321167
-87483559 -384151245
68156311 -360875641
382146380 -437458437
-384871628 -333114978
-84800302 203257898
493780431 145425467
140559187 183787285
-808921936 473683105
49532389 224050623
-613522476 1016778
42175016 -312821010
304877627 710680784
-181321426 250536257
-200769404 -183531921
29702692 -679407637
153618613 92921021
602456561 191354081
42270806 -192541270
-175436632 354975233
-58029043 233252619
37184116 9805314
-274433063 -617838125
-151722765 30113269
217156541 497568746
261713851 -296630207
400839674 -433666942
-41256739 226307997
-399470791 -355497176
-322913787 408882721
23458319 446217063
-88238476 217440097
42270806 -326066662
-361073337 432087098
54566105 -206589165
-181594028 -167951928
-168693083 222954409
-110398035 813139618
-571816668 1016778
-357443506 313157441
-139572532 7008555
41660172 -584943545
16873167 152258581
-524003603 1016778
273034494 -357722828
-355840201 382372306
209252356 219904312
-43327705 -379508486
107529881 -140384445
454732599 268684495
229613535 528462456
-490819235 214477405
314354849 -622624923
-531274547 1016778
39566356 303684075
-258975830 -469688611
-380808103 -750806925
-406824751 1016778
147891839 404739223
-38011218 124937040
37461911 145239691
157351924 192616456
155597549 231488373
-322259446 300647553
-90935866 218399169
209519469 55856323
44895132 -298540401
23764889 -245090685
246041496 -350542503
-405182551 -333364106
428653334 -471444288
294126292 -373136065
427461311 364501324
195185305 -30815165
-90264083 793742274
49152659 437652283
-361348927 434705203
208713573 477862548
227700607 443858316
-374726215 561789439
-372656071 542123071
-318686415 -494658492
-590090709 1016778
117074590 243579572
-359577107 417872913
50478277 -380696467
212561671 85546591
-499487491 214249293
-519427443 539179819
37499064 -360895506
-194732954 387362400
320924050 -392719042
30580468 195527282
360973225 359013648
419043549 317210013
-417513735 -285580768
-135642476 -130616292
-177014294 357616102
-94349524 351511175
44777937 516526226
248561699 371182603
48920215 -382443385
92912072 -180053535
-125633839 224087547
225454035 -335258349
74146329 -182113885
437615821 -252233589
149758872 474821471
-480772415 214741795
21735232 -742350571
-387094076 -334920717
15421279 265914258
53685440 -407787498
-292227308 -257841468
-727568758 -37147692
-155222924 373251675
-373097582 -361061008
-338508754 438710900
247225546 -349011002
151703995 -267200965
59244289 212131473
-332691751 -690661485
-237245564 -213168801
220464084 -445763980
-50926560 -382686189
304341140 -317623818
221494581 -442038337
-129432679 -436587645
-168731390 -431950027
344492209 374891700
223094875 -187156645
-30630773 -471636917
5567587 156112756
100506329 -149163885
48057580 -281937549
127952267 583509449
-420565928 -111237260
160951639 362228392
89781707 498648016
35540876 128571472
140481719 407209263
107313309 232367172
-465720218 -276423082
157604253 231541181
99559366 282258000
-246796726 -406997526
-297434204 -430201681
-358348529 406201422
-609856308 -144712517
-422880487 -264784604
-538467460 -586566929
408012550 -300812238
-68077472 -124982325
-403614207 -339441439
-347221927 -557961524
357232507 -153581340
-571611286 389305985
-377045391 444774328
-3340037 176682557
88013902 -218749078
330470969 772643612
196568271 -525548073
203598722 -279496990
-125671060 -18655701
-322542752 -407257663
-357388197 397078268
145759289 405450073
-365535581 474478416
-349685845 -507621890
-511154251 533694333
391043294 -443960028
320861883 -13698565
-133832540 -129145719
-377009966 1016778
117497539 140638848
149858063 106922821
-110434544 357255825
-328985853 1016778
-566026205 1016778
-370998533 526376460
315755761 -101247917
3231447 533030996
-103566718 -59463717
-371204639 528334467
-91112250 -82456581
-76744550 -393482803
101833267 -447469773
-52488262 -153762405
193990894 286310852
420787996 -465696541
268666394 -271494090
-98438714 -382939470
-368750623 505021315
-501323278 -153697310
-577647017 1016778
337599206 -22275462
-166817126 57306267
450752862 -122669386
426819706 -271791358
-34620752 159304382
300854849 353751553
283118009 359663833
194906459 389067683
24044604 -408005673
57518299 138402286
196016551 44274606
255091222 -320573558
123574493 230645661
323142289 754900492
459746454 454393878
15168918 528288713
-400322156 -345668532
-214383172 -401741274
-221502739 341642787
-211633406 -401295366
-187165824 -397327650
192406443 438382128
-398006167 -361172594
-18125696 168468302
302714099 353131803
279564632 -232092768
215802966 -367786026
459062635 20384400
-319399116 1016778
464598607 26984982
392252667 -487170601
267141251 66939916
120619382 173303470
-374543895 -452088898
163890786 -213029358
100683298 -350649414
290979763 -190822679
109474534 -121941284
-20311145 -460066425
-13154675 227047525
42270806 -196543086
42270806 -402745992
185676845 -516571623
-105481643 808403094
-59683822 558024733
-148397996 -140980152
288654089 -199230885
-389437887 -394374679
249135670 435343017
163898069 399403813
219727949 380793853
195287999 388940503
-55068446 147944552
111226681 148334901
42270806 -551220227
-259796090 228959739
153744913 -264912663
250256584 241463236
64568362 -403968844
461381198 -495360804
-197285271 222201983
36759944 -341250138
299968249 -158325845
47214720 -286362564
45871449 -217457485
-355603045 380119324
105004078 236873732
-368725289 504780642
290299962 -116703558
413519645 308389658
234482646 -304828586
11711545 185044547
178163815 403899976
-173600551 -491797485
-15304080 -369458178
525843776 325417879
57252502 -461764138
-506583115 1016778
164898880 270148622
286263008 -367389819
414317550 301281646
-163814610 -429893919
108521908 238828082
122995469 413038013
54700282 -481926676
74719949 429129853
62153117 142563475
-367648999 494555887
380094699 185937963
322579266 -76578322
285437296 215873025
-354946551 -528028606
492619961 232183256
270667227 252194605
-6812891 -444932019
-13625147 170968607
112704764 -456429798
304066070 -143510646
-360079095 -508139998
-241035583 221050659
39609970 200543672
-234239716 269351649
219076041 -356754551
-159677326 242840577
-550517729 1016778
234039178 -396684794
47984248 -282322542
208315627 -203727317
5197546 -367824948
169244771 100313716
-322862390 1016778
-386058175 -407471063
-123920588 -121092258
-151172511 295010788
-405298710 -103210166
-68872169 773132991
186066587 94579006
390627642 221437882
-267543384 -30782108
-8644160 173735822
-106002994 -384166110
-349522063 -549048497
-360791504 446669025
46849226 301083050
269700037 -267757073
-127079466 584798345
-413714460 -323945585
-176196284 -163566261
414749158 -461283544
-145317854 369714150
-301012246 293092993
171121446 466334969
42270806 -211967495
285821233 5264936
-412524675 1016778
348641832 79930152
67691922 -379292720
114741903 596236507
-229786708 173557803
-872225686 496191105
-79545945 783416263
42270806 -796120883
363451839 356625715
340531066 -407047246
84481362 -246656144
490446438 124652126
39797532 -599658401
291215479 -189970475
-751973476 -14846829
160709602 470471181
503672846 207062822
114758909 415783533
-456933972 -284451893
-277268549 -748170181
221164468 -319817809
80085192 -281385887
77435772 -302316305
-268726570 245446779
401086605 256688461
-35190343 226467639
31191104 -370486548
-399715110 -528543219
148481953 187952863
-32917305 -375155046
83727452 501053131
401978164 321234376
-160453670 -428488435
42488588 -311174757
42270806 -744405856
-369306503 510302175
224436085 9396087
275760925 640187716
-305909264 427068225
-54434949 176568166
-360296407 -507297914
-171850791 -489610285
109948655 120528301
44754179 439118443
-153034138 -391792782
-480575778 1016778
114178069 144712743
-158837479 223213767
-364709795 466633449
42270806 -73780355
267572587 -275448623
248377146 -354452178
-379166122 -355515618
-371631689 532391442
208498075 28956372
262914877 -37827885
258743739 -223059717
164054633 86001486
268023909 -191782107
98599732 233315762
42270806 -538577324
-129261142 277681478
41512360 -316299954
-172546384 -394956930
396210625 -54554535
-330768423 -688257325
122497216 246592142
260394338 -301400754
-353904159 -532067875
74861729 429082593
-371663651 532695081
-393178781 1016778
243272424 -335973623
-386570924 -334495656
-155259800 -426316453
-415312423 470147034
-380352396 -354431609
-504330610 -572291519
465573191 28146986
109015876 278880675
-363049655 450862119
101768069 420113813
183867163 280686557
-257509723 220617129
-84359259 250710697
252554814 -342756908
93212292 -94719705
-428830685 -10109373
432473345 -11318215
-32406583 216263814
38298361 169383362
321615381 -80063137
-474007185 -559610814
-24799085 -371760154
29099809 43008172
-60023432 145191782
351822471 294863857
-189462332 -174344925
276927685 11161745
36389708 -343193877
-306088967 -780483983
40726804 -320424123
363758757 -46411031
44618300 -299993769
-359527407 417400763
531307243 -367218516
134771820 -164286741
-407269111 -325278686
-504848820 -572508225
278630361 -235470517
-180371466 363235716
169667215 272797697
-360875121 430204046
-238282858 189243003
-99317091 224780093
-68756919 73734487
-379694183 -432131532
284968711 -64893954
-143380685 -598053485
268918721 623622380
-358624559 408823707
42270806 -528217247
5312025 -268156765
-379346618 -355350682
-263930908 -409776042
-295259084 -260304786
539691685 -377508513
281117219 360330763
113963896 277113525
49407993 228693911
-312890914 -416077446
-115689491 271484003
-112579343 -563518647
301129044 414688115
512948415 84632830
-110747734 51656842
-163225319 -478828445
354896498 296480098
42270806 -319364876
56868959 435080183
-359826223 420239515
-373391763 549112145
-372675469 542307352
-294231867 389865361
33399408 -358892952
22269340 -417325809
123827736 273590725
-67859822 561272733
72354112 -342461419
535331321 111320141
45276313 -218201405
605972593 195546273
527759835 102292600
83469029 426213493
488775398 340143673
368196955 -167037708
85674938 154930618
185522587 281606237
370408801 349923276
112171007 119770681
46718108 -288969777
-228873852 -404091114
414473242 -348719326
95445067 125472706
-504116806 1016778
-150218555 -424208296
-52437107 -496086443
-289097189 1016778
39446640 -327144984
-59958225 178451101
437450915 -5383420
-402320391 -344454976
301693949 702972932
-472140999 1016778
-605046257 1016778
-135932903 223816519
-105310576 -384053826
93688448 497096023
533065473 108618553
586216603 -434607276
-312247764 -106194198
55550382 -475210886
-390472743 -762887725
449220531 418917619
281619514 -321308406
2673143 533252788
-410716535 -311919918
-189961494 100034331
471090036 4046852
-370088135 517727679
-310203432 1016778
428406191 -16167514
102569060 -110382121
21883309 190695527
243421291 -164366421
36099865 -229671965
-287996492 -254403930
203726188 -279710357
