273
-820465546 -778955657
-906952862 -938889494
-974435415 -832749305
-926179411 43048513
-392652470 -299837481
568554920 -806710132
627537212 518710245
-880056880 -17169537
-865137436 -521660928
413492383 102377967
325068700 24221510
-990512135 -865285667
-865495698 461007070
-182194308 -35075356
839473211 -148324935
124310200 -427078553
921570228 971738410
187300013 -466729433
229160638 857642373
278102925 944423181
661746668 -48580159
-649967875 32215742
77075328 265377133
-476846806 -678790936
353903945 -40987525
584510048 -343436767
549579659 16711724
519058025 7711755
24253226 -330091528
-223501881 -542168799
-540441198 -21941862
25764272 -330595210
519058025 7711755
-509905026 168613087
371717351 -35734854
179632336 -675880820
-132885831 -605389299
-540395682 212854431
-14276477 -876044756
-587611949 -288138519
584510048 -343436767
557047912 -286290548
-463565590 -601146904
-540395682 212854431
-511404120 170788243
-533492062 -30811154
366701414 -492045477
-480396196 -699541216
-452746080 -537894384
770931569 81982159
770931569 81982159
304528385 -55546985
450765203 -12425872
631022493 -399251701
-440754035 -467787044
-587611949 -288138519
-172632897 -320762159
-314100473 -478960479
408183898 -131845387
-533492062 -30811154
-172632897 -320762159
809455027 -25741268
307625510 -493891599
594429573 -355340197
62711771 -126851884
149461495 -163064980
-595228914 47984565
62711771 -126851884
527130558 -274581379
-19423841 -881358164
603424775 32589130
561304057 -281897108
13809068 -326610142
-262020189 -191062951
603424775 32589130
307625510 -493891599
-428029919 -399474819
307625510 -493891599
-28958356 -312354334
-110246382 -411283769
561304057 -281897108
-439620084 -461157792
-364453668 -21723360
561304057 -281897108
457064614 -489221627
149461495 -163064980
-458636562 -572331048
-483573675 130406813
130465096 -726634100
-426641274 -385281672
-323447641 -472439199
482696728 -221260783
426874668 -154274311
808752877 -26466068
253983293 -70451307
-68046819 -650625819
546977190 -486411859
-47121938 -909949748
712407935 64725190
214419686 -496804281
-426641274 -385281672
514891756 -329806580
-68046819 -650625819
340493222 -492864483
-71214598 -298268920
406698428 -130062823
200801446 -497229851
478036321 -367850900
269541760 -583071092
-448429456 -512658736
408309653 -131996293
-477642133 -683440540
-470535066 111488047
354178726 -492436811
519104806 -487282871
-243158213 -528455079
7624157 -103584806
110489783 -775186239
-26212748 -888366068
-581150511 -292646499
-92629594 -291130588
36259342 -757993867
-55380124 -303547078
-81214894 -294935488
-392054319 -183081012
571371188 -327670135
684803314 -154414004
533412518 -486835755
-13719916 -317433814
-91381518 -595083822
-24498858 -680447217
6755293 -702813339
-436461396 -442691616
684803314 -154414004
-470535066 111488047
-123664852 -280785502
655498745 47944275
-417068594 -329318312
-369005642 -240747769
328853719 -521845844
-698120057 -211039839
639006308 -408832279
-369005642 -240747769
328853719 -521845844
829793569 -4746644
208473725 -83870795
-452711552 -537692528
222164597 -79833743
-438764060 -456153344
335578463 -44718865
-142531783 -40616186
587397997 -254961428
124511974 -499613897
772532 -322264630
-457045908 -563031840
587397997 -254961428
-31415633 -893736788
388213808 -107881279
636462455 42331010
289373917 -562599188
355735908 -68907799
-157256040 -343073677
-520012322 -48015559
69590367 -129570636
-425207286 45718327
772532 -322264630
166981825 -688939412
355735908 -68907799
-92747170 -291091396
269939399 -213587972
-470665881 111677857
-108570880 -285816826
-520012322 -48015559
-208629378 -445438527
30578264 -332199874
-313702874 -311331565
-190442046 -468651306
-571952391 258642597
-41081777 -669438639
112676337 -147638946
436752088 -166127215
-460895570 -123467203
331434323 -39745897
-122169520 -281283946
166981825 -688939412
3719510 -323246956
705858854 -481446807
-452376806 -134339836
705858854 -481446807
166981825 -688939412
-375121286 -232942276
523059183 -269695729
457694950 -489201929
823880536 -10850420
421508923 -147835417
421508923 -147835417
-158905074 -340680961
157264939 -166337392
120242306 -865182650
-158905074 -340680961
-158905074 -340680961
143325541 -160491838
39853124 -335291494
-457045908 -563031840
-493194009 144365729
823880536 -10850420
508089382 -487627103
-486545261 -735489596
-256264269 -519311319
-556567119 236318869
308066266 -543303860
-589581734 40776980
-414255745 -312873964
316690809 -233193402
102360715 -143313040
299929324 -551703284
596848563 -358242985
500102896 -345072500
-438360696 -453795216
727950694 -480756437
833660323 -755156
345133078 -56184403
390745183 -110918929
645772702 -194703668
-29121044 -891368180
387731531 -31012724
-556567119 236318869
298407629 -225526262
-109855773 -411850535
-14289346 -317244004
611649083 -376003609
298407629 -225526262
-262937762 -376123879
727950694 -480756437
184591811 -177797048
114027995 -777654759
-488774202 -748520328
529771518 -277750531
387731531 -31012724
278006903 -63367422
56508529 -737524899
601390338 -363693115
628166297 39884707
-52334200 -304562386
-456961863 -562540500
-58273101 -75950472
-326346271 -470416899
102191145 -143241930
-67302028 -299573110
25911520 -834560372
836008685 101171565
-386604126 -218286546
-264038090 -374719513
-86183920 -293279146
555697062 -486139363
183157069 -177195382
-225073747 -6001814
-223294905 -6747780
-441179954 -470277032
667348817 51438527
-482681336 -712900496
-326346271 -470416899
-317406393 -110698655
589181078 -349042003
25911520 -834560372
-63106948 -300971470
32062821 -113833278
225301926 -496464211
225301926 -496464211
395786726 -491136561
-434148930 -429172584
667348817 51438527
-431784937 -396855039
