966
-54885217 755104669
-791203309 -742293561
945087921 -903386387
873313715 -474140662
222686361 -581348816
114021916 603907666
661405318 656801332
587019922 296933314
-400808652 58165053
267964964 206920767
734285054 -666638153
-972272494 -987758057
739389536 -774955059
-388378980 657748598
-672149592 886252701
95548693 -637906127
890551560 -667972092
230534850 331703340
-136533654 731874443
-379587937 232436656
83102077 625216167
163612576 850475250
79350896 -143857137
52663541 145849601
808381358 -870572085
-958483359 423957168
-109639592 -378675040
543111006 -945843330
264043518 871170902
18823246 475177991
-382209878 -884852791
-603624284 -607614182
-946353164 285198068
-66592650 -590709885
-451158536 -63778417
-536536088 -485218685
865431089 186550270
-182758152 -921666876
-862660543 866816921
-144091423 409986033
-846788014 -799044051
622341759 -901922446
269492829 115944058
697093555 -826420569
66704191 -96147019
905216436 991463082
987380679 -906089838
533569345 -398749879
300224512 -920218688
-145284944 -322168591
-940772625 -411963427
-589061083 -657030733
-561638079 679897037
61993750 192366033
926006474 369797287
158306769 -277393472
-172107689 -160477936
-120231142 -149713189
414245339 -127592423
683288570 -918569588
-346148655 -394266284
494078032 -556800547
379918775 618947472
32354414 260251985
-576098466 309824839
-628796324 -619812003
55815754 -561997683
-921516450 -895977252
844594134 19682046
-123355938 -981068386
942013898 971116580
473621438 -773392385
105679174 -26120073
-972940698 105112706
-956813161 -860785966
-400948636 -147062388
-130898841 946896066
-726148077 -428185660
-505707945 99821789
313057994 23748586
-496494862 325285186
-632265582 -945572740
-921591155 -151544187
-294566989 -897115563
-959646020 210466564
198953117 -34022382
-790545594 -425495791
-394236249 998876277
-973102482 -466507335
-333005570 -689252330
-944139814 -608207637
-330616761 804754887
456355581 -902874992
878394892 -974144703
-241720015 243746597
-956764119 -184020719
-666793975 703794446
126304824 884312310
-304348139 -80146441
432582968 30540495
68183674 -78577778
75709893 911593166
-438600890 -582705353
-383246176 921240443
302609085 -884003035
-30896256 230774258
-103132422 -667823285
302609085 -554568363
-89640233 -73311431
111153566 461615150
72627953 63161035
89586615 190487766
72627953 63161035
-476209394 816555610
397199648 973836000
302609085 -355819911
75709893 901022142
-30896256 290351261
-61325808 936971254
397199648 282809413
72627953 63161035
-30896256 717311339
555012382 680304672
71715163 -691938144
-89640233 425533773
-243417428 -231926783
267485583 -154865962
267485583 -907609652
-383246176 -219568239
267485583 -907609652
-383246176 371417740
72627953 -941377326
75709893 653270549
72627953 -657840605
-383246176 -699567372
-284585059 99233923
71715163 -691938144
-284585059 99233923
302609085 -843388367
397199648 707793773
-61325808 936971254
302609085 722946108
-243417428 -793441811
-89640233 -89891196
-30896256 -816950334
302609085 -707519548
-103132422 -218825095
-103132422 -663600948
-61325808 -9607294
-103132422 -663600948
432582968 30540495
-383246176 -198647849
-89544784 955655656
72627953 -977013475
-89640233 -897388057
71715163 -940821031
-89640233 -897388057
72627953 407885113
-476209394 -898772892
-476209394 -628953710
-89640233 -459750271
267485583 435058618
-30896256 -600599522
-476209394 -387263166
-243417428 -347340868
-476209394 842984257
89586615 190487766
-89544784 -227093149
302609085 570226091
-438600890 869091045
-30896256 -13352963
-89640233 -146149817
302609085 921632957
432582968 631022481
-383246176 -198647849
-61325808 -9607294
-89640233 25332659
-89640233 25332659
-476209394 607298409
302609085 689623137
267485583 3967790
-30896256 986398117
-30896256 464434275
267485583 -4463484
555012382 680304672
388665490 310644912
-61325808 539189185
397199648 84677972
432582968 208001186
-243417428 -347340868
-61325808 994545685
72627953 407885113
-103132422 -844170562
432582968 -826565874
72627953 -93856899
-61325808 994545685
-103132422 293027089
406786918 350914752
-284585059 194270085
71715163 -910100081
-30896256 -109779440
302609085 -492124517
432582968 -307257853
75709893 653270549
-476209394 607298409
-103132422 293027089
432582968 653408060
125049819 636310902
302609085 473092668
432582968 653408060
432582968 924499317
-89640233 -654716551
75709893 831168902
432582968 -52499868
72627953 -93856899
278886406 66691392
397199648 -389051199
-243417428 542732325
267485583 -4463484
71715163 687583467
267485583 995228885
-476209394 -579073247
-284585059 -84203150
302609085 473092668
-476209394 -871355281
-243417428 562217666
-438600890 927364858
302609085 473092668
432582968 349989931
-89640233 -648019386
-61325808 -966036093
397199648 -389051199
-476209394 704155304
-438600890 -213617928
-89544784 334102220
-103132422 293027089
-61325808 51864732
-243417428 562217666
94882199 257060822
-476209394 -268556197
-284585059 -919514474
-438600890 -170383898
302609085 103089082
-89544784 -622713405
-284585059 -854874562
-89544784 -565421113
-61325808 51864732
506401438 572280352
-243417428 839755264
75453839 12818582
-476209394 -857571906
-476209394 590296362
-383246176 -467342627
72627953 687732170
397199648 340618718
-284585059 -746965851
72627953 331152598
-476209394 -960740917
-103132422 -958937906
432582968 158107036
-89544784 223419248
120470545 578742886
-89544784 833297685
-438600890 -170383898
-61325808 564339353
397199648 952163842
-476209394 -508910296
-476209394 -46426595
-30896256 -93824581
302609085 -914458941
-243417428 -675070950
267485583 995228885
72627953 331152598
-476209394 129249253
-284585059 -389796043
-243417428 160629594
-61325808 564339353
-30896256 -388038239
71715163 687583467
-383246176 -467342627
72627953 508705065
-284585059 760910227
-103132422 -958937906
267485583 80746697
432582968 -963158575
-103132422 -958937906
-476209394 -995828006
302609085 -889846988
-476209394 853077728
72627953 -547972184
-383246176 -970144786
302609085 808439215
75141450 8891406
81538603 89312758
-30896256 9611377
-61325808 816631189
432582968 810059920
72627953 -794214949
-383246176 -784320969
-243417428 392130003
-284585059 -187691169
-30896256 -109317536
506401438 572280352
267485583 -857379857
302609085 -286039283
-103132422 -958937906
-89544784 58467031
75709893 -816110231
75709893 -816110231
-284585059 973324937
71715163 -326664612
352508314 230295632
-438600890 -892845828
-438600890 664712994
-89544784 -827762845
-89640233 -648019386
71715163 322937203
-89544784 -130759423
-243417428 -135939800
397199648 867764147
-30896256 -457834911
267485583 -667393279
-284585059 75315654
-89640233 -467691153
397199648 867764147
267485583 -136945215
397199648 867764147
-243417428 139329951
-61325808 15652805
307724962 130777072
-383246176 474465245
72627953 -51953271
71715163 322937203
397199648 -90672258
-476209394 285234257
-103132422 -555304991
71715163 109413842
-284585059 466478472
-243417428 139329951
-89640233 -262513113
-243417428 528592645
302609085 -286039283
72627953 -51953271
63123458 -142191922
63123458 -142191922
-383246176 -954319354
336471106 194657392
-89544784 -130759423
-61325808 54634664
432582968 -391410786
452186446 451802592
90517321 202188070
115954992 521975934
-438600890 -733823749
80790009 79901862
72627953 -738023421
75709893 -816110231
-438600890 -328309546
302609085 295752842
-383246176 -708391103
-243417428 63459940
-61325808 -996410881
267485583 -827634
71715163 109413842
302609085 754282744
-476209394 -116083544
72627953 604113278
-243417428 -384822636
71715163 142546525
-476209394 128688039
72627953 114981958
-89640233 933957592
452186446 451802592
397199648 889570285
-61325808 663532343
-284585059 466478472
397199648 782308900
-103132422 894435782
80790009 79901862
71715163 608810551
432582968 -790946627
71715163 608810551
-89544784 -465101361
-89640233 -969153680
-61325808 938831899
-438600890 365883674
302609085 754282744
71715163 587256565
-61325808 938831899
72627953 234495322
-89544784 835776310
267485583 -858069400
267485583 31146389
397199648 60598510
-438600890 365883674
-103132422 167263594
267485583 -439779744
-30896256 321782349
-438600890 232023671
80790009 79901862
96986385 283513446
-89640233 514311648
-284585059 466478472
75709893 742087300
-61325808 558865080
-103132422 -281016431
-284585059 466478472
-89640233 583453364
-243417428 -384822636
-438600890 338663883
-383246176 -708391103
267485583 -254311307
-476209394 -669915105
397199648 60598510
-383246176 -708391103
-61325808 558865080
432582968 -380905569
-61325808 -931310057
-61325808 -635142174
-476209394 -878781637
-243417428 -286367058
302609085 -997193254
-89640233 -724228955
-30896256 321782349
-476209394 369424350
-438600890 -491127375
-284585059 -459136588
72627953 -723048070
-243417428 582223952
-89544784 -263362695
-89544784 -263362695
-61325808 -100710703
397199648 864278164
397199648 -621692986
589336906 756581392
-438600890 157723212
-61325808 -939434722
-438600890 263755338
-61325808 516973788
302609085 -997193254
-383246176 -830130747
96986385 283513446
-476209394 -939026200
529150810 622834512
397199648 848136937
397199648 886921245
432582968 -773457545
397199648 -921988557
71715163 666060286
529150810 622834512
267485583 -311541370
-89640233 -370294306
397199648 -921988557
-30896256 477152758
-243417428 -867077938
-61325808 599188940
397199648 960611604
-243417428 -318729512
-383246176 746230422
72627953 -368251098
-89640233 -635105012
72627953 -504030293
-61325808 599188940
-284585059 -459136588
-89544784 -601843731
72627953 -474308383
-243417428 -745017499
-103132422 -189239995
537098818 640496752
349782970 224239312
-61325808 599188940
-383246176 -359646611
-89544784 -939284337
-284585059 476964092
79841124 67973022
71715163 -995085734
71715163 -995085734
-476209394 689390574
76200529 22205542
75709893 -582742870
432582968 -31006476
75709893 -582742870
302609085 -536895966
75709893 -673958586
-438600890 964173255
267485583 -101762405
75709893 -53753516
-383246176 -100117335
-383246176 -264534440
109791681 444494310
-103132422 -189239995
432582968 872631668
397199648 960611604
-476209394 -111212327
-383246176 -961613471
71715163 -995085734
-284585059 779318825
-61325808 -352488526
-438600890 57986260
-103132422 719858987
-438600890 57986260
397199648 960611604
-438600890 858041924
267485583 16483813
-89544784 -349315973
-89544784 -349315973
72627953 171633769
71715163 -995085734
71715163 600019182
-284585059 779318825
-89544784 865082460
397199648 772201242
-30896256 152979060
-438600890 -937915352
-103132422 -853699446
-438600890 -937915352
-438600890 815636606
432582968 321922263
72627953 171633769
-476209394 364364469
542167114 651759632
116640187 530589814
-243417428 -577476849
267485583 -43614267
-243417428 -577476849
432582968 228852177
267485583 998235156
447969262 442431072
328167886 176205792
72627953 116318120
-89640233 344426099
302609085 -536895966
-30896256 -296082865
397199648 110790401
302609085 761773298
71715163 600019182
79348674 61782222
-89640233 -174495594
-284585059 -888732553
71715163 600019182
72627953 -207712472
372628102 275006272
-383246176 -744119792
-89640233 433828213
-89544784 58742353
-89544784 -297533772
-243417428 387737596
-61325808 -812564843
81560352 89586174
275980846 60234592
-438600890 -516804587
-284585059 869850472
-61325808 -912544742
-103132422 -404546051
-383246176 266872140
432582968 228852177
71715163 942075580
62662410 -147987954
267485583 310297340
-383246176 266872140
-438600890 861747452
71715163 -570381502
-476209394 16587633
-89640233 536070660
-284585059 -473146237
-30896256 -908405579
72627953 -985962131
-438600890 969791321
302609085 761773298
302609085 9094594
-476209394 500053481
-438600890 969791321
-89640233 -896891699
72627953 -985962131
267485583 961671049
-61325808 41835433
-476209394 -880010483
71715163 -911981700
302609085 979950616
432582968 -716203594
-89544784 882039881
-438600890 634632598
71715163 684602424
-103132422 -156954364
267485583 825242311
432582968 -716203594
-438600890 634632598
-30896256 784400988
72627953 135324501
123636974 618549422
267485583 -110380953
397199648 -58971215
123636974 618549422
-30896256 -738005861
-243417428 934785753
-476209394 -953707224
-284585059 -473146237
-438600890 634632598
572375110 718888512
-383246176 126594063
71715163 684602424
-383246176 -608636390
-243417428 31931111
63716477 -134736826
-89544784 -690831492
111893872 470921854
397199648 -942815603
432582968 703861760
-89544784 515785865
-476209394 392384449
-476209394 431085811
-438600890 544192452
-61325808 41835433
267485583 -110380953
432582968 703861760
75709893 167389173
-476209394 -523238775
-61325808 -943806897
432582968 -698071578
-383246176 329560249
432582968 733956666
-89640233 -896891699
-89544784 -893799608
111893872 470921854
-103132422 -434806262
71715163 -233232427
-383246176 -234341857
-30896256 182261148
-89544784 -959998572
-89544784 391613647
397199648 -175337942
432582968 249274706
75709893 543396594
75709893 543396594
-243417428 31931111
111893872 470921854
397199648 -839128839
-89544784 -836308204
-30896256 -107676500
111893872 470921854
-89544784 -836308204
-89544784 -447530516
71715163 229055907
432582968 310919137
-383246176 297131841
432582968 536585372
-476209394 -980830674
72627953 473783518
302609085 420215756
-103132422 -434806262
-103132422 82557662
267485583 372829189
75709893 469065402
72627953 -657316946
-438600890 295904175
75709893 469065402
-103132422 82557662
-438600890 771662479
-438600890 769309010
-61325808 25468795
-476209394 593938144
-243417428 310466670
71715163 97520978
-438600890 540122019
71715163 904484315
399852814 335505632
75709893 -132876146
72627953 -944202744
72627953 986487863
-383246176 297131841
432582968 -729364899
72627953 443678194
-243417428 -555169059
-284585059 -267105330
-476209394 593938144
-89640233 -896891699
-243417428 -555169059
-438600890 825033510
-89640233 838359213
-476209394 838403344
-438600890 -586482547
72627953 -78126386
75709893 720859855
-438600890 -728953840
-243417428 66493671
-476209394 255763333
267485583 372829189
267485583 445452270
-89640233 483120549
267485583 -7178088
-243417428 66493671
75709893 -933278158
-61325808 25468795
-284585059 -267105330
302609085 -505402989
267485583 -303035818
267485583 965572796
75709893 -933278158
-103132422 -873536184
-284585059 -440854201
-61325808 -469727278
-383246176 392088259
399852814 335505632
-438600890 -203071524
-243417428 921823412
397199648 490274597
71715163 904484315
71715163 -31566153
72627953 -78126386
-103132422 982378322
-243417428 752846788
-383246176 392088259
302609085 823559927
75709893 979670900
72627953 -721751201
432582968 244343075
302609085 -261064410
-89640233 213625489
-89544784 -977164095
432582968 668092330
267485583 -956580202
267485583 -590811866
111893872 470921854
-61325808 -928674522
-61325808 934252585
-476209394 255763333
-89640233 -18109203
555847618 682160752
88675320 179031486
-30896256 69808927
432582968 668092330
63659217 -135456666
-383246176 -93252
-89640233 364748732
-438600890 -911213699
267485583 -826505828
267485583 -826505828
-284585059 395871704
75709893 -60709457
-103132422 586649805
-476209394 255763333
-103132422 948811410
71715163 -576178059
75709893 -33603193
71715163 -576178059
267485583 -826505828
530046274 624824432
-438600890 397911758
72627953 232553494
-89544784 546789425
72627953 -207811914
-476209394 255763333
432582968 668092330
-61325808 591503683
302609085 -809162681
-476209394 644774723
-438600890 431609402
530046274 624824432
-89544784 546789425
71715163 -393058065
397199648 -537585675
75709893 -9154663
71715163 -393058065
71715163 -249772477
267485583 880657948
-89640233 242256505
72627953 343913218
-284585059 395871704
287105458 84955952
-383246176 -892574835
-89640233 -908007039
-89640233 934910767
77769579 41930742
-61325808 -391139411
-383246176 892678617
72627953 -673400402
72627953 566304266
77769579 41930742
-243417428 752846788
121109484 586775262
397199648 108563746
267485583 880657948
-383246176 892678617
71715163 -896440169
267485583 880657948
75709893 -955009875
-383246176 -549168251
-243417428 -988684690
267485583 -953268921
-61325808 -646512564
-438600890 -518875800
267485583 -880737242
421273966 383108192
-438600890 -518875800
-89544784 814613338
-438600890 -663215282
85001846 132850670
-103132422 -184890184
71715163 -148409810
301934290 117908912
-383246176 -810645416
72627953 522234128
-438600890 902971130
357304378 240953552
-243417428 824403860
-438600890 -268778241
432582968 -538304109
-89640233 171618329
-284585059 382657456
88712504 179498942
75709893 139851178
80543154 76798542
357304378 240953552
-89640233 171618329
-103132422 -376320890
75709893 646051528
75709893 -650391647
121892133 596614278
-284585059 382657456
-476209394 -877144736
397199648 108563746
267485583 -880737242
432582968 -362351173
-476209394 478123213
397199648 9452556
-243417428 -88919916
-89544784 751504234
-89544784 854890442
-438600890 763117067
-243417428 -848280057
-284585059 130102484
397199648 -29969488
-61325808 -646512564
337852822 197727872
432582968 -322115729
-438600890 -504690110
72627953 522234128
-383246176 -669009685
-30896256 69808927
-89640233 171618329
397199648 -895760061
75709893 9307174
-284585059 130102484
72627953 597116768
72627953 -851646697
71715163 -858918673
75709893 9307174
267485583 469862956
353192314 231815632
-476209394 478123213
-284585059 151539535
-89544784 854890442
-476209394 294551947
-89544784 -862780964
397199648 -358823538
-476209394 599465950
432582968 340851620
-476209394 -413075261
432582968 -306403052
267485583 -772761690
-284585059 -155372846
397199648 333460387
-103132422 375460000
75709893 9307174
415683238 370684352
75709893 87450896
-89544784 44917228
302609085 796223685
72627953 -269097608
72627953 -869203493
124852279 633827542
-89544784 -930236928
-476209394 -907137296
72627953 103730670
71715163 -877823924
-89640233 -656872465
588405838 754512352
-103132422 -829491002
432582968 -306403052
397199648 895176800
432582968 -211805411
432582968 854291977
-284585059 380439957
-383246176 -669009685
302609085 149477935
75709893 232965509
588405838 754512352
-383246176 307840174
-383246176 573533585
-89544784 12076696
-89544784 -950428206
72627953 -919308447
-243417428 544958272
-438600890 -192471039
-476209394 -907137296
84548463 127150998
397199648 -114713308
397199648 -273591183
-243417428 873396457
267485583 457692862
397199648 -837061790
397199648 -837061790
72627953 -133582539
-438600890 -159283442
-30896256 69808927
88866308 181432478
71715163 -812344585
-61325808 -915488761
-243417428 -422274829
72627953 -79678703
-438600890 62265530
267485583 845894620
267485583 -11791685
-383246176 573533585
72627953 -79678703
-243417428 -422274829
72627953 -693691809
-476209394 644732933
-476209394 -800192887
397199648 427930564
-103132422 -21976770
72627953 -993660788
-438600890 -491200556
65555020 -111623714
432582968 854291977
-438600890 14112165
-103132422 -83378494
432582968 556389079
75709893 232965509
267485583 -895927110
267485583 -908518208
-476209394 -800192887
-383246176 27851608
-438600890 -756952852
-89544784 -705690202
332967838 186872352
72627953 -993660788
72627953 537145334
432582968 -977414801
-243417428 -909133328
-89544784 -705690202
302609085 -808285080
72627953 -379487793
-89544784 595462551
-30896256 69808927
-438600890 -436447096
-284585059 306158647
71715163 -522855031
302609085 -808285080
302609085 924564149
267485583 234917344
-30896256 281332648
-89640233 -656872465
-89544784 595462551
585181822 747347872
-89544784 929438105
71715163 -522855031
123701857 619365094
-89640233 369369878
-383246176 -880349177
-30896256 281332648
432582968 -977414801
455900818 460056752
302609085 -357698316
432582968 -977414801
432582968 -253178354
