282
754035176 561180663
-191796005 -349523310
869965600 -911334645
992454114 463786327
-715862143 648815318
-489931262 -881955611
283113251 -746373617
-908936567 -66764724
812209691 -952288764
-128656879 -27154246
825582867 472380980
-146933521 -112514819
689508652 543133530
-714766109 -257494067
-730256786 -763781119
580953311 -732866354
474366092 -995410842
406524370 -897415939
286901842 651449557
834050671 -943157894
301009783 -607070873
-552377036 -436059493
302766938 -991854199
53481155 -997413783
-897166665 181482666
545367300 320984282
96884888 344686768
-377735480 660745402
658769 592701575
245013529 12654139
312168243 259044150
606955876 -100524176
-260221834 87300300
265636437 -691309369
-87133719 489960570
365347515 -218257619
229515501 -36224257
230206515 -289770253
-95852230 628529336
-571174396 -174559008
275717527 109489825
-50793967 -113665835
710985879 -173480282
-165038385 227266537
269617239 -736425125
-384156865 206227855
4972959 -191218394
-353889660 238153146
-54926406 259927821
-5923189 332970352
80473491 -506279827
349574933 573260346
-354293835 -122143187
161277269 630925035
-158129920 433912886
119810089 520384106
-163362993 -294653738
138058252 526715147
-75212535 151812823
443895090 -284237582
-32129451 553486626
231853805 -384893495
-215565954 155218670
-5883524 -197889245
-692717095 502321005
170266770 787240008
174903717 202473442
236328564 616880691
316446793 294983970
148024374 562439361
273843105 -784318273
-256271387 -649013845
-574438791 142799692
-339906368 357518582
-413494816 251735188
-678408724 488590750
-157894627 -50392148
48754765 -606315809
263384631 -665788901
-324138269 267904537
-240671323 481548764
-476859991 241834892
-335297648 364143617
774656332 -218132288
126201098 699278599
-291276896 427423448
-286890664 305152142
273181743 133551190
-307924688 403492247
311746703 255503214
249384585 -507121713
-258726756 -353250749
436466144 94659535
309059930 342938311
171831255 789046878
-200525325 522293956
58787021 -574675617
-133778556 -276475349
290262833 75038706
-196146324 220073835
273110943 -776020437
-208083111 128540708
257588835 -600103213
350574633 581657826
323910903 357682494
-409778664 117328380
979663 -193672106
-570196474 -170336163
-450245126 347635567
181194059 -188622651
-177614321 19912848
-525593476 22267692
200443119 822091566
-177948585 238111105
-283362000 438801111
365161083 704184006
-271225425 353656784
36138395 -646105899
73355263 -528729623
149728238 653430839
168913741 593576342
-327529547 -266001235
43802701 -621933857
124557953 -165113257
-118453225 -327120709
-314507078 507965286
-272467986 319574820
-377562651 2926699
-553468620 -98102248
148630905 -291321829
-366017456 319983893
-396174512 276633125
-419654587 299894108
279619858 656601569
22464379 -180470654
-103324417 471261454
-240874673 179034422
234298251 -336143261
-93680569 -310605605
34696097 -195701755
-284552609 138958790
216996137 -75708405
-240072827 -736081105
-97750198 -313318691
250291575 -517400933
266821760 425248591
-443673550 376012827
-439656191 -3352744
-288766075 -474354897
-294312192 423060210
-13416435 321801174
256441857 -587104129
238206418 158079340
29396451 624544710
3872645 -166123695
-274748960 451182356
343233543 519992670
-400802725 222201155
47809847 -609295935
733336207 -189154538
-20168641 571874165
-254278174 337764632
-303192429 -380573030
-326498624 376792214
365264564 -4642183
-363866419 186757225
-236193987 228762092
714536426 -175970276
-336615184 586785490
-285378751 404116468
235662627 -351606189
-2057971 -249523873
-268903889 -59019748
-532344198 -6883153
-83159930 217843889
328674269 -29035713
-421808762 470428957
-37881161 546843806
-132828289 -275891450
-308909614 -118650923
243474051 -440135661
-301648149 242211510
-363579467 -72232915
-54957733 -284790381
125322789 -364832041
-553408295 164144076
332889643 433103910
-285851024 435223139
242847843 -433038637
-343175037 610172792
-424926062 10162529
-257520576 475948158
-320935003 -301446909
189439152 573858447
-223582694 368460112
143494815 -31901351
246051486 152577604
145546369 -301049981
61215356 433044787
-31499034 560543772
-395318960 277862981
-263041568 468011732
65741662 439791545
227382249 -54557264
-563187670 -140070873
231190011 -300916541
-274804332 317238474
99377885 705368338
156407786 -143880035
-536604102 -92304951
297250067 365952403
253412751 39143993
99268932 489766155
-27986672 558271244
-173310293 241026482
47578880 412718719
-271951232 455204090
-419437693 240083195
-312536939 -346586503
-393399106 136245616
-406885791 185157015
-32226216 693104992
-414740925 111597318
-455859988 323389572
379052093 820868490
204007499 -116672571
22581077 -180398948
-6720042 582832704
-552051336 -91982158
324271233 360709266
-217256221 -327768854
336352513 462192018
-285304976 436008083
295679064 117773848
-226756614 191988105
283553443 18679830
-287312120 304730686
43676523 -622331803
-69565408 510250732
115566627 -395601475
-358588432 181692490
-131268456 279600951
258529281 -610761601
452705354 63013895
214091989 -84867641
190230503 -121331557
-367279364 705896812
-397571451 110473999
48234100 646300868
-58909429 -287424845
308575913 228868578
-64633464 515946780
-516269593 333002695
354903373 618019242
-252580360 287183074
158763989 773955106
266780490 -135461318
-434314667 -461142116
-66716786 242353481
292396088 375411439
-183067620 232073883
219138567 -164333509
-162264337 -356328117
367777103 726158574
-488153172 183941732
135542460 524406843
-404310627 187732179
-400354714 563071437
132845368 744020924
-496454743 313988445
-447599885 271531716
-13186156 712429232
354898283 617976486
-515432963 202686204
-274197675 -552660047
-429738024 436188962
196503483 -140339083
-213894170 508725576
237037509 -12501001
219408056 517644527
-263846512 466854625
-211109957 139332072
