997
277350953 -956551988
-913702296 -145950597
-772380327 -64531196
-303590859 -237443363
-893007237 -216444798
-157443390 -658224048
857153186 646271604
-292459520 15893921
634136597 -234575704
59097342 904560658
707220471 -274551470
348779691 -897111095
-470509500 -877916021
-542974323 829031667
454304111 977807070
-895946423 -223220019
-211949446 234010029
756978324 634545218
190666502 279276368
-808356788 869477231
-529417840 -960425134
799448 344399232
642442137 -229801979
834198478 -753932939
743073752 -983878863
950967193 -874709645
-340504066 -14939429
-38417926 495474043
-716363787 807619198
-795293323 -763682155
96757612 353042683
-115964902 686022140
-72615185 -879724221
-307094174 -988116452
596769221 944644435
85395352 513583446
853178207 410792608
-175583871 -602610341
-746143357 666075959
-300630320 128211729
721409940 -162830804
-862694325 -262483644
-838215192 -597029046
716884887 -905985283
143341583 -541687875
975526733 -566864736
882302365 274244598
522030702 -907710903
-941866346 -905252960
-433407638 -224662664
-836163844 -479761562
241500529 -51723349
209528970 -526803712
-121932425 -825889159
408177473 968998771
-760656073 -583489742
638700633 -836233944
489551385 673254616
91973647 -594162133
-491032203 -205601822
-455655753 -486576891
-487100683 -700538239
499632206 450405050
-129201747 -594816134
-745408775 127293751
325339223 275934277
-996821756 315612889
14195911 12969938
882878197 -785165213
-191745498 499347839
-33983825 -142518095
-916894035 -663943286
-776799412 825834854
412559195 -549327220
-717409509 412038720
-707015957 -997191870
-900915677 -551136255
-909606049 -581330463
422480787 846628705
-145021509 -189583840
323111846 -652368963
479319019 496571014
540558634 -893886594
-524938859 -991602759
545992432 90159571
-871082760 487010013
910088352 -878106939
-895239364 361375868
353438338 91357742
-208259233 -21605843
-411688380 -261313448
-498083843 -610914717
-731353734 127166668
336938889 -189491138
-266329287 -899944036
746848503 33851784
-343254189 -991616456
-245739538 -740383407
836791494 -122785967
-138984024 350695146
-916313615 -937232443
-894183022 935446686
117650493 -687624458
323295819 -271726937
-410134415 184824285
-672272956 125709536
108331008 197243271
-360189185 -188790433
546222939 -73569497
172996886 -166594256
-578929921 20470766
184551359 -193004480
201677378 -68853945
725644915 -255984361
333447112 -215850103
-245703492 -372586544
-85126531 553981046
568651957 -280777413
334915552 -226574624
198395448 -392117598
481684202 -25609499
61524091 631262045
63296767 20554350
104812631 -126447413
-552743589 45967984
390476314 -169532403
-75419628 162879234
104287216 -174785593
142648348 261146807
345370251 705430532
134236620 282176127
204950100 -379638549
10985299 -202192777
104387108 -65905755
109206168 277757991
421734460 33085521
-72801384 113771248
-155206112 -465847972
301996088 -194877918
-72859476 162356754
455708257 -263208393
-54754468 -61083283
305268848 61137498
302292547 -239343727
-224691824 -387676546
420507364 30749319
-89810600 90383576
-360189185 -70835803
-356651476 -370605330
369796866 -176798155
-73842144 -45754574
-189180200 -46249624
273010205 -395196128
306471737 -296906219
-48104968 -61284783
-57823716 -375941540
113882934 708020463
268023697 -234013017
-364090020 -141939363
432682316 -214925016
338157410 -10121053
559442347 -279344807
-607420988 592093745
469995307 -265430823
-143522024 16530368
402273897 -201524201
168718366 195971762
-73480493 -180890143
429943770 -155665459
362342036 -73722571
681057758 -753071807
222856118 -69495725
18466995 360365984
357323273 -587911712
-123886216 43529604
87605099 240185348
220110056 -69412511
241561230 -221853919
-91655806 549218516
158880959 -134329280
-388120394 335321752
-646788784 661744461
-187450664 -43871512
650975762 -687894149
291336035 410047690
-182371340 184706114
-286026464 -318675076
-49720043 -184586213
487010580 157361211
323134707 681959680
521433469 -240613607
-424608228 268655785
327034368 -199818243
-495713211 371618124
202701692 111013447
-587091432 556126069
-79514739 227085884
-360189185 31328207
-609253156 595335273
147824339 348579980
597175552 -246314624
-581724707 17749527
-628616327 -27908103
-155392522 -85185526
-301661855 -22625096
298904933 -105740122
289427546 -71513041
468934629 -142270217
319452488 -161643618
287282595 644115784
109347711 290779947
491817129 -102050953
452064656 90829548
-223498328 -389019229
729516784 -256275792
231391275 -353419865
464869893 434747069
-360189185 21943577
-395821373 198760668
120937043 -200656330
345677348 -80794834
430486145 -233117646
-3048037 -266781706
-76051940 -375616036
-119038088 50195780
112807866 609114207
169260923 -158054912
-360189185 -20270623
-9457005 -14623298
197259899 376075752
496659180 175730661
-360189185 -188893243
-268557296 -338327890
189439088 -204176432
416728661 -58793466
-214350681 276700644
52398308 -237210322
-34731263 -186917801
119849573 -201236314
-65260684 -375808737
505598955 -109679705
188279206 147069662
-154234832 -466940662
-262171079 332311819
619699370 -620128633
-55060701 282753416
-107970248 -518988319
-448373310 -72639769
-150237464 7296638
-506423625 -24909510
-85952877 250145008
359555734 -214711643
-77703892 -306598162
-404938635 -108352724
318629848 -163209798
-289664023 -150108010
266723141 -380825696
-2456242 -266466082
186749744 -198029360
429993172 -233731004
-208811476 463763792
244089727 -230289955
157682741 -131590496
-93518504 -535246531
140107057 -214114873
594093069 -160970788
351168065 -210313698
106746747 -464215001
329417764 -226160812
245431299 599939416
91619619 247411484
222033963 575242228
167230587 517394220
-322331611 380960870
-217733416 -56144527
-360189185 -53270803
354359963 -581138432
-112931096 58592894
407161772 5341365
-117030485 162556283
-513358755 -19207292
45248819 321182862
106520146 30643967
-471884756 352298873
-121864768 172357834
406122105 -142608875
-151693064 5295188
-408896041 342330404
8968387 493303322
-8903333 -190935479
677938984 -252393592
752110475 576438460
211049464 104416154
-360189185 -108863773
-36818116 -376316640
409224895 -137804555
303421369 6481387
219075120 -352746684
-508923325 376074548
-526526252 448972289
425922684 -157078273
354568712 -94787730
-84835221 251324756
-360189185 -136436143
170194107 520522380
20978647 -195583787
158472651 508149732
205082555 -239932928
157084980 115429314
43381658 -64057105
168748823 -175156714
-381774476 -370156705
113433945 666713475
-198644104 -56722991
-542496091 55945811
-85677448 96066660
-535454295 -268951658
-1589947 644653997
371420632 -310783903
24231032 -63476783
-149146216 -58222927
-485307108 -368307908
192308579 428651612
423242915 457680730
489117457 -238181219
182464274 -188234000
-293746965 30806804
129689011 -211127465
-223542996 453018448
-184630088 -39993220
-302860640 -299736628
271708107 -317582681
427386067 -258802719
-225267450 -256082365
-294212195 350770288
-58938620 -375921631
-131688895 -71492322
92318811 -477039833
-164804504 -12733042
-84560580 -375464096
288839459 -431377280
469086236 -293800176
-234706832 -376409662
-289459539 302038572
301097607 -291458681
-335905764 -172466654
140949976 265392737
339577747 -245143647
-318092049 311697732
-503232629 94176024
332972707 -255872459
445533081 -163071593
347327358 -184692847
-418935472 345717200
-398398110 -113730489
-25366340 -376521136
-108979832 -517852537
-125096381 141383306
217234283 383288724
262411275 617862724
-27619951 595927022
-581053667 -290999706
554951653 394210277
-95873506 546142076
-221153876 -373024930
126283939 309807260
66221467 -202621559
-340507246 367703348
206503226 -243180176
-582786240 37877529
-381578436 192526153
-108485348 -375036868
154760779 361065572
36354346 -293953635
352419605 -576703328
111611664 499063623
597420907 -285252583
361535253 481247657
104071225 -194656765
567626342 -507303739
-265688321 325469166
-185236440 -288996751
20019835 522313373
-316970968 311319536
375503653 -190018091
507908913 -107626409
178812447 -400156601
-201485864 -413783251
-228516810 -253410669
-105682714 169055374
-569535071 396521884
272872427 403380276
-379841383 -193710250
215551724 78888367
299756052 -131622453
299128036 -223880940
-15139220 -312045969
-184508791 -99263722
252652816 95925674
-195199350 -375310339
-229136647 -120842026
-323944146 379784668
638347811 535357498
227210864 -290511920
365617779 -234107417
112746435 603462555
-78748197 257749948
-360189185 34113167
-431658542 350009320
19754089 169898407
474104167 -266069979
336518830 -223529398
-142417797 190543148
109352828 -206834578
-271214623 320088293
-442989741 -224243522
336557466 -223625988
-360189185 -151761133
-433146472 283761909
77338064 -65086087
-311228408 -290322889
664619966 -717456591
48878565 -515653385
-348044550 -155132305
-567553160 521558357
-102296744 73215128
241603825 -178813979
-180460114 -57274021
340513484 -15225880
-231813330 -250700197
-18713932 -275136850
-201370575 -51458839
376493570 -174445259
206535251 -243253376
-13308015 -105526825
-511813095 -20478168
207181155 559564264
-119387208 49715740
-119705215 250239093
-360189185 12047237
-236352404 284122912
-26748221 399547226
345638486 -246328538
229735985 -175401975
-360189185 -107078833
651370133 350821961
226767607 -227595403
461729003 471578484
144583459 342746396
-526866020 449573417
-154068680 2028716
-360189185 -82090303
262429678 -221118698
132770651 352787968
77775545 136473003
-132017546 -191429122
222400410 -228586099
110324863 380677931
-90937450 -59986829
206405653 551055977
218370039 -364994297
-63310778 -328971111
70689310 -281889999
-130656635 248466508
352588577 -225499499
745242898 -257459478
-360189185 -85701013
728045493 316318049
-453735040 320187837
641936617 -292177249
69545059 207677276
317115098 -496007312
235396419 506209724
-407318843 187565763
439804634 -230356705
-413332800 -101450855
71905507 -206778169
-716366553 446055396
-92739677 226319654
338941299 698644416
257257960 -25377223
182494253 -167825818
64481224 -206219352
48852465 -123397963
-310837185 309250308
109656820 319217975
-524582686 381357224
-73479831 562476286
-356954096 148960013
-360189185 -70047283
401591283 -202130969
-178091144 -440102311
107538356 124319287
352685318 -577310672
148821476 -67252251
-213262053 115763100
-520237060 437845257
4461665 -110635608
10688292 -749483145
-76822031 560038446
-191642248 -143514795
44810053 623773997
405487535 -143591435
224123612 57458647
-83214424 99453318
316668323 -494986112
-287523933 37375560
198424381 -216301095
-315011865 277443610
-618845421 -309272642
179613968 76795634
-151824525 180613824
194798219 375186812
-258236480 -349938808
-177987490 -57348949
654749062 -250648114
311799427 -240822575
343552974 -241114758
-173262233 -165368539
-319838888 -280636099
-286851296 206028554
191036168 140177257
-543938088 479777845
-444328335 151530205
169532474 -67879857
269651834 -70913777
-54423340 -376002261
-269508896 -337257340
-116972998 -59197873
-120033258 -348900631
221779273 97183254
267443700 -260660349
112034427 -459514841
-122880947 -192116823
-27544133 397457957
44028667 585336557
198520307 -224933504
-360189185 98202527
-346097492 -370793794
35081829 641662438
372413506 -175878795
115549747 -210294847
-667839912 -332962286
-88388377 -312296554
23791628 -252467218
-725814194 449242552
-203656936 -56571087
-526202835 -8646604
-97113741 238364096
-625493259 -24867221
-115902306 243489144
-183149312 -434411872
205569500 105534514
374319653 475494677
439726818 -90575771
697629874 -253875702
177789968 -177549872
467073735 -143924345
326111322 -266496539
-276687272 -329181667
542508093 68569429
-217349288 -395936899
133240659 322329356
-11466947 -200502823
387509865 -214647785
-526448012 -367573249
183651757 -220888493
-709025203 443578796
32754752 -707472000
134536779 324662372
-143265772 -374415789
-91537013 229476647
366305547 727528900
-191394804 -373556342
-342059840 122608637
126216867 474101960
146815748 60937154
12957110 -63135149
321632363 -93618826
-68726971 565943078
-194953303 293588535
433544960 55570896
-243880710 -240778129
459205061 -83263566
192265599 428574248
234508309 46181302
-370800226 345607292
14308465 -113466563
97649432 -65701583
-360189185 5961827
-596454951 3406921
-132138683 248966476
145537910 -67152749
94537211 338981448
467348236 119927133
346198844 -110722671
154833985 -153867650
-360189185 -154968583
170583563 -174178186
390957665 -221753208
388674056 -29856402
-2325520 -62672039
109520566 -209609410
-217263570 -262663333
-152387724 -374252897
292532948 -203944937
703143164 -800923520
166473370 201584252
349306649 -569588000
395720051 447741918
107521705 122787395
337126211 -249441227
-312342944 -289069036
191093779 426464972
311762884 -197188473
-522118005 -12005242
105286837 -82820461
370858396 -197210747
-25043973 314437740
233082821 -303933536
-362263012 -370505124
-360189185 -34762243
-600173403 -213677
158848323 -417902489
225171899 487805588
318111818 33311063
-499640846 251629428
-155049383 -168201649
-188324072 -45072448
133435982 -259843871
353942471 -223403147
-293739412 37118649
110608404 406763703
-11653927 -15685546
-161156936 -459153295
-17778593 -189554883
-135509933 -171241119
40153354 -204388222
2879827 477320852
294210834 -315890843
56143531 617138075
-235194416 -375861130
342859057 -245654073
249362527 -220135149
676229413 339635285
-220565215 -45940380
125176451 350045618
119414377 112485415
-293369896 -409802693
219260877 -364202441
-161786549 45071615
187071766 150088262
367682360 -73884399
-704710863 442123356
20542767 -540840761
-137559296 -485700640
360753482 -73674433
147424467 496487760
368379434 -75602105
169489004 -158576240
-149001176 8996534
-184770032 -155673331
318980705 -201059832
344724502 77135534
127940933 -196920922
-90602493 245237080
112544624 584895943
-171445533 159902760
-158545304 -462091381
-298281237 26020628
-337155045 -164085898
-368589836 -370392145
-6089277 -12994946
352772993 -577511072
-359861788 -370548003
-227089016 -384979705
-259790455 331211825
513601567 -240024109
-483074771 263712918
407706143 -140156171
-360189185 -190408213
225074458 55081532
-16025483 -189827589
-124018637 144212384
603525871 -246792605
352985043 713468368
532219667 497033446
-163760764 -374049807
767639893 298500569
113027170 629290175
-559127057 39752502
-194785576 -53957016
-176570998 -57391873
340583124 -233690133
-49904412 -34180286
304868513 -102559546
-428147732 -217067166
-67338097 -301069738
322453725 -272159915
437512416 -153006205
171018465 -407084585
257153472 -280251360
-619362788 613221545
68249530 -282747219
-360189185 -48273583
373645807 -250443123
24987260 -63499699
-606867819 -303481274
48739178 -239161858
421953668 -191679612
-360189185 73049987
-177690024 -30450632
111379847 477736459
-651058061 141183930
346327994 -73237297
-360189185 -109189453
7982488 145858394
343064270 -20752583
-400581015 -111935656
-175201631 -188178707
466704164 118700919
-308591912 63396149
-203887808 -411081064
-72732341 563021514
365641248 -178258237
-57659582 -197025958
-392172164 -369971032
-188399264 -428505676
236493248 -319585248
246626283 601200788
-360189185 -36092563
-74885045 273188063
-197700196 -132796887
-276319923 315117343
-406262557 188594252
-224028296 -388423015
167625097 -218395457
111942288 529481031
-182326936 -36826386
-137811080 -485417383
427830932 -75707083
-624725392 622709229
-497498847 99758917
-198141920 -417545188
177917259 528674596
252675552 95921034
440030342 -230845739
227326611 580828912
361888342 -228604834
107610855 -463446905
504384213 416965625
-58038365 317410598
104816497 -126091741
-542321595 56115715
-257905112 -350311597
-360189185 26042207
-375006759 219027529
-679078906 120745196
256323253 528593057
21942939 364035036
267624986 -382887056
532174863 52569589
498228685 7765
-102022784 -525679216
35187653 -246389338
49012339 598418696
-317201048 -283603669
-215838760 -82905144
410530163 453090014
229542720 -332817984
-147936200 10460876
547405190 -463491243
363305365 -28017002
303133585 -196503785
-316472616 77338933
266228613 524135645
181269435 532213004
605654933 371393801
-653970602 -326256246
196790099 436718348
-435832955 -220783098
505411763 487352814
352151715 712588744
606527237 -168133950
-281155614 -145994054
362117188 -80416593
-705048531 101802646
-771517895 464660668
-360189185 -164426953
165051274 205139492
134352308 -193501522
316679475 675145824
-560595339 38322859
237668891 390667888
359176929 -239832617
-202457517 127167888
-82618266 555810604
-105065160 69408556
-360189185 -81474613
171645728 -67943895
-341912490 -160174221
236060693 537711209
-543874965 5883814
355662968 -73520175
114120187 -210072471
122598630 311271102
-599706330 51789603
-67386565 227122388
-507217423 90296093
106486524 27550743
-236572796 -64022287
294949973 -107849434
134090479 323859032
-74432171 561781638
106699389 47134323
-21088205 414404768
-241874404 -54642519
-197572533 132324260
-386541644 -370071577
-360189185 42476057
-91035056 -538040410
181414673 -185834912
190990606 82296426
-75658642 -305507362
-165050671 495683438
-360189185 41604287
301452843 659073268
-28433813 395122547
-413382388 -369592278
108352672 -209521504
535593866 -437900041
-199235064 -60075062
353303996 -73448691
530783051 496514668
273907499 403754052
-360189185 -54450703
346256735 -562616768
-79759624 -60325551
605962850 -590366173
281047739 406332472
172197275 367025360
462356555 471805100
-53259621 284654556
319667459 420278482
185677979 416716532
-149326493 77779262
-397003198 228508534
-460664606 280059156
195543659 434474756
529724453 405562517
114320104 699459768
271869986 -61907288
56881803 400914948
108408486 204371247
-202925141 468057354
-119233880 49926566
162839419 -213622657
537798449 61277077
-29592574 153526774
145211054 60161258
578563173 383585093
-95704256 -532787560
137562428 -191789458
457238579 469956942
111365087 476378539
-234483220 -372786906
-103817921 239412484
17840693 -255641050
-403475118 229829334
82508065 -133073948
104681790 -138484785
400964312 -74892943
232484794 -218864782
60272971 627977855
203382771 -378316313
231180851 -299586176
249444613 531688445
376451924 -53125461
743726293 309261689
254827113 -332588009
-651373189 -325000354
208447958 -153983842
-154409048 1560710
14423188 -301659177
596859733 375351641
355864256 -584576816
273090953 -119507578
256577852 -23676953
161705439 373565960
-173961391 489183854
-76533653 -195605329
-281020740 -210240771
-84077016 98267254
-414000516 -369581240
-366008606 349102356
77662579 222288812
-150237845 75386963
-359800603 233833523
-337370590 216338614
270299077 -234366965
-360189185 -170599753
-231454116 447247984
336065500 -130014999
237898490 23021452
-131953324 -374617797
457937627 470209376
438633417 -92268779
25820076 -297654865
-105841352 -521383327
-59818971 572440678
135380679 326181392
477582533 429026381
-326767784 -272841091
113200132 645202679
-426513492 -369357794
269732378 -387703952
144832523 357143644
-532267868 -367469323
-13587355 189105978
-601727717 -1727088
452371346 -70997147
-165773168 -453960034
-39779271 217809084
362903259 723937596
223323119 484477784
189120219 422912564
-159250441 499914194
476096434 -237201142
-495136951 254914622
470396929 -236772147
292555658 -109126402
-342375741 250799836
-74829676 -46232062
-14810255 -105094931
195602060 -397435779
-87141456 552511336
527856710 -421136203
-606024944 589623821
167999739 384895700
184646119 414859184
295733257 -223625419
-148393818 254450136
-67023528 121715800
-360189185 58007237
646703123 538374694
-111692843 245623270
-78295496 106216844
349625118 -256295118
-561966000 20758665
62019997 -201967997
40801595 319576920
-529115980 382886528
-406503514 230447374
-348184220 -370756531
341694130 -236467648
317754218 -95687170
-539144787 386269740
109706867 323822299
-360189185 -172103083
-188059750 -57043729
-305989340 -371510011
-98499336 78436564
172173140 -164711408
50661292 137148434
-265375151 422505582
-99396878 -341650011
-505370186 247450380
363506541 -235984073
-327100064 96141341
-181184194 -370386095
-295036026 -152705462
-27091614 153016374
238154879 511174952
150518534 -67303677
95257878 36008074
-151431245 72254288
-305365244 307404352
70274612 -64872043
-245800140 -239199931
-199719356 -129224527
-186385403 -163327157
354770078 -222121691
113320634 334466092
81226762 -278187651
188315099 421463348
351757529 -226786283
-78765240 105570946
194875544 107716954
161691585 -155839210
76386465 -131313988
-274210530 -215840277
-181053066 -370340023
404196261 -145590827
105179305 -92713405
461456376 108709938
240716136 15977337
-360189185 68071967
