995
-627868142 -52242658
71437195 -5443730
642005289 -981971727
791947240 -53402848
-100523312 367303983
-944464266 381178540
316981357 -608282530
558140235 247338127
-723461525 -372462783
-274184298 77388554
-912684426 -218478683
18789767 -87503562
146910239 -692828599
-920950781 435329887
-94395942 270796517
552191804 -943693928
443347424 -635121344
449759207 -246466813
-78792450 525681627
176359809 344855581
-277634808 66725453
261203415 382200015
305042506 598911531
443226606 -518225823
165243649 346631750
-490333483 800366983
-276702949 696094137
-443769719 -433982624
848965869 480988193
633091021 -627702360
586571769 -792723216
-517566746 504932553
-660976095 -299344156
269933607 -918351037
618027864 -391111713
-174138346 70008217
-399956859 -658135525
197475600 903153163
673772123 199779208
965187173 -397674249
-949014901 -939416260
-676330498 -662757737
-178630192 -262519860
700586143 -108552522
711841274 77873259
791301568 -167793917
-673355930 -61317242
26242844 622310051
712644845 698589174
688127847 958264012
-791124238 586652736
568089153 -44921513
711353331 466949846
913794162 -871584032
-933891059 -156074112
880394828 426524944
97298700 857174111
997958079 627129261
104728729 -967863659
97087790 -540106612
-365473437 -915846661
320928847 -834811157
780012377 -926666118
-985574957 362002746
151958649 403936038
550161077 -714384265
-282292900 -912415499
6410112 153548612
-790843232 -985446716
369865586 -841275585
-493446669 16657409
581177531 888115539
-807987746 629515184
-597252703 -894634665
348660217 -757626966
934587726 713495302
-40165556 -959655956
604998703 -328888646
-215587366 -778969295
863833272 -898156285
-857148654 -984145124
-815071296 -312109081
478203832 -919024072
43746854 606946482
195178302 947171323
-394870972 -931494949
899114521 -631690914
122937748 128440800
276438943 895165118
-437314078 691793313
286725311 -168023313
-233847208 -581972268
373082387 -463592353
-733026977 -77741022
-982837153 -868365660
-137226477 -905381528
349099434 220931505
-28450883 -990103831
318997127 -462832953
349099434 220931505
349099434 -541315056
-317350971 -921246455
146996161 -612171861
-281931355 867600336
-281931355 867600336
-15327321 -220568920
-47009027 -93153233
264203609 -422994514
-28450883 4342569
-57015536 762541837
-342653248 323600046
-57015536 607977875
311996347 -390807568
318997127 -515149252
86874307 -286231164
-281931355 867600336
-15327321 -220568920
18192075 -708248504
-30399499 436306940
-408278581 -182519508
-28450883 -861948319
-408278581 -182519508
-309266487 83933864
144545365 -485893450
144545365 -18784436
126474201 -919945040
-342653248 -61478580
-239047280 -680697447
318997127 -913763266
-57015536 -869758016
-30399499 -890571079
-208958183 -964160296
-21426941 441805876
-47009027 -93153233
-59369168 -272376519
-317350971 -747169644
-47009027 203791770
-91676831 745665272
349099434 -541315056
-91676831 745665272
144670369 597135607
-317350971 725909629
-343514611 749125605
-28450883 649666805
146996161 253573026
-208958183 -158474629
421320247 151720262
57044022 117921437
-317350971 -712983124
126474201 -209104004
-215324649 612995574
-281931355 45133508
-317350971 -712983124
126474201 -927406719
-281931355 -945656711
-417030752 63418930
144545365 -18784436
155491952 -292731783
318997127 145431411
-47009027 741066148
-343514611 -428173466
146996161 -750943807
144545365 -186101022
385423207 -314514744
349099434 926573664
-417030752 979491439
144670369 -764908052
-208958183 -158474629
-317350971 -859571965
144670369 825765374
-57015536 -869758016
-21426941 848683239
97605398 -140434290
-28450883 649666805
18192075 12108642
-91676831 -368123734
-215324649 -809567964
-137226477 126067640
-417030752 147600836
-21426941 -494472977
-91676831 -119954848
144670369 825765374
-317350971 -748333956
718888329 -116778274
18192075 -722408346
-281931355 -308902523
271167642 137788577
-57015536 -390886960
-343514611 39238307
146996161 611852957
-30399499 102874071
349099434 -17664650
144545365 -273928215
578970250 -211008817
-215324649 733104788
18192075 -625987578
-138562880 99772343
-137226477 428495798
-28450883 517145766
318997127 -414497219
-317350971 -748333956
-137226477 375951183
-21426941 -29295455
144545365 357339693
18192075 -625987578
144670369 825765374
-317350971 -436995482
-138562880 99772343
146996161 666022209
-91676831 -119954848
310645092 876531497
-208958183 -807263620
146996161 -207037731
-342653248 -61478580
310645092 65934859
-137226477 375951183
-178518073 -261088728
-30399499 102874071
-281931355 107892622
162496173 301234075
144545365 357339693
-13559853 111370562
318997127 641563689
-28450883 -247500972
-30399499 628872684
-47009027 -744744678
-342653248 -968394353
144670369 388059829
318997127 604592129
-317350971 -973522761
-30399499 -956658254
-137226477 -948396933
18192075 353461734
318997127 117967268
-28450883 552636093
-178518073 -261088728
-137226477 247507820
18192075 775484552
349099434 -669624543
162496173 -823865769
-281931355 -856783490
-215324649 733104788
162496173 -652027110
-30399499 -134343065
-281931355 -490367483
146996161 -970098813
-15327321 -220568920
349099434 869529961
-30399499 118178909
-178518073 -261088728
144545365 -876793523
-343514611 -449323433
-215324649 577315477
318997127 394099905
-343514611 300198464
-208958183 -742472079
162496173 -389287238
162496173 941934903
-417030752 147600836
-57015536 -976893194
-208958183 -756372162
146996161 -383312101
-343514611 -781596274
-57015536 -672952752
-57015536 331932815
-417030752 -61400425
-47009027 -744744678
-137226477 -282518913
-208958183 -980030440
-15327321 432879591
144670369 539835028
310645092 412094580
-13559853 111370562
162496173 941934903
535652312 -328746975
-215324649 -895711310
-342653248 -601542608
-215324649 312001569
-91676831 338176496
-91676831 -78702568
-281931355 -888299565
310645092 507862761
-28450883 -2563942
309913602 -392210233
126474201 939452224
97605398 -447859894
18192075 830601878
-342653248 -972137380
146996161 -550926163
-21426941 696122489
-342653248 -126675209
-15327321 -837597205
-342653248 -272576558
-342653248 297442568
97605398 -447859894
-417030752 -61400425
-342653248 369041357
-57015536 -54245977
286058147 -305101212
349099434 869529961
310645092 507862761
-28450883 897428238
-343514611 -913529147
-342653248 -903414244
146996161 -501902400
-137226477 -530700462
-417030752 -398712623
-215324649 -83832567
-317350971 -24617268
-342653248 -859585800
144545365 8226144
434822453 152973044
-21426941 696122489
-57015536 -328006897
-408278581 172127246
-77768324 105413075
-21426941 681665884
310645092 507862761
-342653248 241727997
51643741 117420380
162496173 941934903
-57015536 -106468795
-28450883 260369351
97605398 483760444
162496173 -38570079
-15327321 -49592333
-343514611 594448349
-408278581 -224369921
349099434 148201317
-239047280 -680697447
-30399499 -58975319
-137226477 -559487119
349099434 248225866
-417030752 307787756
-21426941 668986446
-215324649 515312678
97605398 -985483646
-137226477 -967113861
374345257 -313465254
-417030752 685677568
144545365 996887964
-47009027 764816993
-28450883 447356587
18192075 -993887712
-417030752 755077626
417052984 -320055139
-281931355 -668150401
-408278581 -980738584
-408278581 -877281204
-57015536 -264276301
349099434 109665391
349099434 -761281998
310645092 -452163000
-91676831 -82468054
547776360 -232016947
146996161 252883968
-137226477 -885525932
496267609 -266706514
146996161 -958272463
18192075 812506300
417265022 -317531337
-281931355 -466013863
-215324649 -979775244
51643741 117420380
-239047280 -680697447
-417030752 -973636242
144670369 478522001
146996161 -553377915
463293696 -288913435
-47009027 582037676
-137226477 -885525932
-317350971 -655718221
144670369 478522001
318997127 394099905
-30399499 -727551766
146996161 -553377915
-215324649 438760851
-208958183 -916409776
144670369 -985552451
318997127 910380436
-208958183 -916409776
-15327321 -245187651
-91676831 562369620
-152878528 98444087
319025691 -386073520
144670369 988317523
-208958183 -916409776
690244987 -136068688
126474201 619856791
-137226477 -885525932
-57015536 -890545745
144545365 -950719539
-281931355 -226704572
-239047280 -877713352
162496173 -435213826
-47009027 582037676
349099434 -910421241
97605398 -176664029
-239047280 -576168453
-281931355 -612716218
-15327321 826666039
-208958183 -430679157
-47009027 929861059
162496173 -781383102
162496173 -541211199
-108826073 -267691128
146996161 -64035323
-281931355 -853970726
97605398 125380355
349099434 -764201505
-417030752 504944060
146996161 -156655208
-137226477 -491234326
-408278581 -875210022
126474201 -147820254
-30399499 -819886720
312420093 141616124
349099434 -764201505
-343514611 -707978322
-281931355 516364777
-208958183 -72238081
-21426941 176314159
-408278581 -906446409
-47009027 -732663094
-208958183 607862581
-408278581 544734183
-21426941 366548577
18192075 812506300
-57015536 300426105
375789055 -347845132
-343514611 318503227
126474201 909639568
-57015536 63719214
-408278581 505302268
162496173 -767222959
324319112 -308725935
-57015536 320589302
-408278581 760102622
-343514611 -701055183
-215324649 -983851841
368522274 146821481
-408278581 724144643
324319112 -308725935
-91676831 -834903288
310645092 -478187749
-215324649 -747790580
144670369 -781559956
-21426941 -551667046
-317350971 -655718221
467853567 -322323936
-30399499 1609526
-28450883 447356587
7006378 113278769
-91676831 -834903288
144670369 -781559956
-91676831 -432848262
97605398 538610221
144545365 -731676104
241419294 135028421
-317350971 -655718221
-417030752 -999411824
-137226477 -52686591
-215324649 -450951063
-235928283 -255649866
349099434 691312876
-207221517 93401954
-215324649 -450951063
318997127 910380436
375789055 -347845132
230893547 -299875092
97605398 538610221
-215324649 -975512405
144670369 775791239
-408278581 724144643
-343514611 -989168947
-342653248 -568733385
318997127 910380436
-208958183 165874180
-57015536 783716633
310645092 -307336264
-28450883 447356587
-343514611 621095473
97605398 656303196
-57015536 243384037
592045753 -202202866
-342653248 -568733385
-57015536 -915172729
-215324649 -206336985
-28450883 219391263
-47009027 -346568941
-215324649 125574716
-137490803 -264975522
97605398 924783478
-417030752 409632703
-47009027 -559966081
-21426941 -740472529
-52871819 107723060
-239047280 -576168453
18192075 700866218
-28450883 219391263
-21426941 -740472529
385925538 -341018521
126474201 987263124
162496173 -767222959
-215324649 143561908
-28450883 -654419417
-215324649 -888811049
146996161 249274132
318997127 910380436
97605398 -247026345
-215324649 -923745429
-15327321 -41580959
-408278581 41219343
-239047280 -576168453
-137226477 -52686591
126474201 695306711
-47009027 -112597105
-15327321 648053169
433520131 152852210
-239047280 -970907992
-28450883 101757632
349099434 691312876
-239047280 441596714
-15327321 272589685
-47009027 -112597105
567877385 -218479522
-239047280 -669251835
-30399499 359711827
-215324649 914435528
-281931355 516364777
306267286 141045245
144670369 679488314
-91676831 -432848262
-317350971 -232940719
-28450883 101757632
-215324649 914435528
-208958183 912178850
-281931355 911871856
318997127 -368692749
-47009027 -155437115
349099434 294048478
520826897 -327342462
-230315374 91259225
-28450883 91344426
-215324649 -946879887
162496173 -767222959
18192075 -477834178
-15327321 -186729339
162496173 209892638
400880583 -330946756
318997127 -65237574
-281931355 -674849421
-239047280 -878643569
-21426941 -262517303
-317350971 -576027838
-91676831 556846337
126474201 -875696379
126474201 397708876
400880583 -330946756
-417030752 818688398
97605398 -766406288
-317350971 -89990582
-21426941 626153779
-208958183 912178850
144545365 687486147
-15327321 953503108
162496173 59183015
-208958183 -895249802
-28450883 91344426
144545365 -358731562
162496173 -931473642
310645092 -307336264
-21426941 -419511166
-91676831 391076332
146996161 249274132
-208958183 -243057721
-281931355 -674849421
146996161 -957521765
-57015536 291842302
-15327321 953503108
-47009027 805413714
-215324649 -946879887
-30399499 -493873519
144545365 -358731562
327083897 -308987862
-15327321 -292750331
646803642 -339277101
-57015536 -925146915
310645092 -112884307
-28450883 360395666
349099434 172849744
-408278581 41219343
-239047280 96695787
-57015536 -925146915
363996666 -355786945
-417030752 818688398
-342653248 243471092
-343514611 905504913
-30399499 -493873519
144545365 -358731562
-91676831 391076332
-137226477 346730566
363996666 -355786945
-91676831 -916795724
-408278581 -692446380
-215324649 48977101
-57015536 -122286478
-281931355 -984545409
-57015536 -340232287
126474201 -963254374
502604792 159262127
363996666 -355786945
318997127 -948336833
126474201 -209777512
-343514611 905504913
36636597 -281471802
-417030752 -974581850
144670369 679488314
318997127 -948336833
-408278581 954690846
-57015536 -340232287
310645092 -818941135
318997127 -276905185
-342653248 -867612831
-28450883 360395666
-208958183 -243057721
162496173 204366307
162496173 -705937517
97605398 -569146512
-137226477 882128461
-91676831 -916795724
144545365 475416313
-215324649 456789980
144545365 -135926769
97605398 772292954
260554334 -425452189
349099434 172849744
146996161 -836521456
318997127 251751011
318997127 251751011
-317350971 -928767940
-239047280 -811216923
-57015536 -237116716
-408278581 -169923716
318997127 -907033272
144670369 679488314
626874659 -178746664
-15327321 -731035298
-281931355 539310445
144670369 675018820
144545365 287328712
18192075 -420526761
-47009027 805413714
162496173 266387051
310645092 343921331
349099434 506421636
-21426941 -428413733
349099434 -977559026
162496173 266387051
-91676831 664266477
-208958183 -243057721
-343514611 905504913
-57015536 693838303
162496173 491369358
144545365 -163187749
374799843 -348511336
-208958183 -738465790
126474201 -543638834
-317350971 325601511
-317350971 537982809
-15327321 -874708789
-342653248 -165067924
-281931355 -568413872
-417030752 108152469
144670369 462385490
126474201 -543638834
144670369 462385490
144545365 261955995
-15327321 -881778396
162496173 408349520
-47009027 -866208395
18192075 -686002805
-343514611 563863641
-350928569 80068310
349099434 -820173366
-343514611 -367225499
-21426941 -368233388
-47009027 704724448
146996161 -836521456
-21426941 643215634
-137226477 634753731
126474201 874175643
-47009027 -391188349
144545365 -320732545
126474201 443144161
-21426941 -984306137
318997127 -874673186
97605398 -761890719
-137226477 -993115164
374799843 -348511336
-137226477 -993115164
-342653248 131341578
146996161 956561433
-30399499 -493873519
144545365 263445609
18192075 102643643
18192075 954946772
-281931355 439658924
146996161 -435117844
-47009027 -920528740
539168452 -329080083
-137226477 -993115164
-30399499 -397413621
-47009027 -897601610
144670369 -259565803
-408278581 -167938790
144545365 819038161
349099434 472294807
349099434 472294807
144545365 819038161
-21426941 -328322177
310645092 -316756614
-28450883 118101983
349099434 -980008513
254139842 -429772153
-47009027 567708831
144670369 157367881
-239047280 -811216923
25125447 -280381272
18192075 -298840750
-15327321 -353827980
-21426941 -608648778
18192075 892193658
18192075 99182546
310645092 627551133
97605398 -658336127
349099434 -891873582
144670369 -710769948
349099434 -891873582
144545365 562220748
126474201 953491559
-91676831 -430058584
-317350971 928598609
-57015536 822771726
-317350971 -476342324
162496173 703577020
-137226477 689145970
139022990 125527733
146996161 -223076959
-15327321 -418457606
-28450883 637044100
-281931355 167223226
-317350971 -43874160
-21426941 -608648778
349099434 -891873582
-28450883 -985353620
-30399499 -14606342
146996161 -204137277
318997127 951182169
-57015536 -725247793
-317350971 -613180506
-28450883 -77646524
-28450883 -744017868
144545365 682086785
310645092 -732156855
144545365 -648350360
318997127 663538739
144545365 818791255
139022990 125527733
349099434 561239071
-47009027 -823372025
-215324649 628495663
162496173 -694356211
-57015536 280401384
310645092 852439487
-21426941 -608648778
310645092 852439487
-208958183 89140033
-57015536 -880844139
310645092 -94970794
-15327321 -531329494
318997127 663538739
-215324649 98994188
-57015536 474391511
310645092 -933678439
-317350971 398911146
-317350971 -952026665
-342653248 727692226
-239047280 549527062
-408278581 -649688387
-281931355 -103702493
18192075 860610074
-91676831 -502161367
-317350971 421813761
-239047280 549527062
-239047280 -997614892
97605398 -658336127
-239047280 -748454384
-417030752 498188953
162496173 -928200968
-57015536 -540436867
310645092 -933678439
318997127 859751519
-317350971 -412756850
-15327321 561603987
-239047280 -969016807
-342653248 727692226
126474201 776410365
-137226477 599323502
-342653248 -826946829
-28450883 -39104113
-281931355 264898066
310645092 -933678439
-57015536 -942095829
-215324649 442497004
-417030752 -789232970
310645092 178791706
310645092 479078303
-342653248 -260189478
126474201 -470227345
-408278581 578153179
-47009027 -665622916
144670369 -345848659
-208958183 973526927
647251260 -165023647
27150847 -280573152
349099434 -652039619
144670369 86682769
-215324649 442497004
-215324649 15309081
-137226477 -898767327
-408278581 109747205
-137226477 -612222629
144670369 86682769
-57015536 240394437
310645092 3235311
162496173 -685537746
-343514611 -452529677
144545365 668237129
-343514611 -223803218
-317350971 -412756850
-91676831 368027593
-215324649 15309081
-343514611 864280789
-239047280 -931618235
-239047280 -132935729
97605398 805105849
-208958183 757844021
97605398 592900791
-417030752 -982000246
424361142 -318203601
-239047280 -172559773
349099434 885905983
531264046 -243137485
-281931355 778564663
-28450883 313928870
146996161 -204137277
18192075 569494575
-342653248 522396745
-317350971 -412756850
-343514611 -6022576
-417030752 -753869182
349099434 395399820
97605398 592900791
162496173 -257669597
146996161 -494414744
349099434 395399820
114478077 -288846258
547862404 -231958999
-417030752 -154775759
-277559321 86875766
144545365 -899141513
-343514611 -6022576
-91676831 507618676
-281931355 805208820
144545365 -365533931
-239047280 -398147556
-417030752 -686195760
144545365 -209404980
-281931355 -314233045
-317350971 -530470056
349099434 395399820
641006308 -169229431
-47009027 -924576718
-57015536 240394437
18192075 928867107
146996161 -494414744
162496173 -394312506
683848184 -140376739
144670369 705179036
97605398 -123229062
-30399499 -519771952
-215324649 -406117502
-208958183 -91551129
-137226477 445926460
-30399499 -519771952
18192075 883102579
-342653248 103067605
-417030752 -686195760
-317350971 -530470056
-215324649 -562217528
310645092 3235311
-343514611 537832695
310645092 -129003477
146996161 -448229082
-91676831 -990618098
162496173 -427186065
-15327321 -129131535
276503589 -414710854
318997127 -344687616
-281931355 -50008601
349099434 395399820
-28450883 -275761529
144670369 682631698
18192075 -810265585
-342653248 -994078939
310645092 -751303305
18192075 -390678180
-215324649 -882473358
318997127 147153989
-91676831 369355720
349099434 -598768029
-208958183 -715465806
162496173 -940979851
-343514611 537832695
-137226477 -213852756
-417030752 -686195760
-408278581 109747205
-137226477 354216113
-239047280 -415199777
18192075 9679112
349099434 -857534976
-91676831 267000046
-21426941 285705093
270057982 -419051773
-15327321 -129131535
144545365 -467848660
-317350971 323571284
-239047280 801846958
-91676831 267000046
310645092 -615996356
-342653248 189133096
18192075 9679112
-417030752 -840790412
318997127 -199697145
18192075 581310406
-28450883 210168557
-317350971 -683953717
318997127 -159558454
-342653248 189133096
-57015536 -531178885
-408278581 -164494453
471980759 -283062964
-21426941 -704455031
318997127 -947465880
318997127 -966660107
-91676831 -897716761
-57015536 77849911
97605398 917121239
-91676831 -337476978
-91676831 949499114
-137226477 354216113
310645092 -915489527
97605398 917121239
-215324649 152283340
-15327321 -815705064
97605398 34091330
-363805222 78873569
-342653248 189133096
-408278581 360916706
-317350971 -683953717
-91676831 -49475861
162496173 836828888
126474201 -447167486
-281931355 -50008601
-57015536 -477627632
-215324649 842154413
-47009027 479140101
-343514611 -879292761
-281931355 -733915252
-57015536 -477627632
144670369 682631698
-15327321 -468655892
-239047280 -81279519
-137226477 -173067345
-281931355 -547843501
-91676831 -49475861
-30399499 -989672092
-28450883 -424072372
-239047280 -868481204
-239047280 742521455
-47009027 479140101
-417030752 -878227407
349099434 -74315194
-343514611 110809578
