982
-199333270 -326800992
511875060 57622116
-267242607 782272253
547847815 -938673053
-922668684 -934221267
175044482 -287008838
-716290526 -108566822
471501174 98552566
456063503 483137356
246851563 -311208085
588858075 -874000273
844492903 465776276
516955995 -446449219
-371182537 -231926246
-508618639 571911612
-225362510 286426316
-898264984 -536569100
-892567722 166506375
94431162 -92896821
-303280600 682112356
787638184 538736958
553975932 -875142043
982117336 679733888
-532567846 -362968448
383314169 -296724039
-790916561 -217887219
-777893020 -374565626
890555400 -603433212
456249275 -689559934
328410699 358623881
-802050584 -516334491
-259394132 -452394536
637606053 94512819
-867971269 -343725434
-469380230 774372046
913054880 -411794724
98846591 -897225616
-809306791 -64837661
988102827 346149716
-1944333 -673171448
891788085 786950760
-277379975 54736390
624484392 749572033
711063907 -102432028
499768876 599934093
449556964 649402380
786885184 767967840
651746988 -609477453
-197577803 -887438181
-959117427 504594527
100271864 -712466069
-255427433 -356077500
235360267 -171891727
-825771896 231533067
-71132717 413795338
899175358 390796545
905517867 -384837042
57558448 810172964
-823821101 806289927
485969097 595282316
-423447783 -333104145
-198518708 478640660
-167190464 878944053
-334330364 667255029
188646347 686269635
-207934014 -998101051
850864785 183814700
-914842908 -550390149
745295611 -295800296
-297953489 20553759
-504861076 -699236457
903845810 -569811630
745978788 448937308
972262223 401090516
-29886943 -5699025
646229518 -999798922
232034299 -236861081
303471749 -30997604
654774371 879624747
368675459 631096396
208373617 -617468760
783995209 -559201751
825072440 483568979
-941311617 -880867383
-192865085 -990198047
-28859592 81120056
-474356075 897207364
-473023908 -335381984
172546865 685215183
-750239602 539962948
-315646608 -994953988
56461451 -447186439
123262805 -850777142
875158357 463986374
498844139 90264863
751076237 222416771
-817380652 -470749727
-767927563 -388854293
-888386052 142400205
816441255 -699352967
-138780188 237771383
170559220 -276207993
465392384 281179528
332324529 343903313
-180049324 544700897
313059747 316299352
168688512 -280483897
-94885736 -168616126
493363704 490964428
-76523761 -393782401
466168608 287001208
499868954 -373016469
-453183521 -109851658
389360363 -335873416
-466556000 -231689800
315668350 -126757985
-230361764 -166915457
298834393 347843329
-221347541 -230100011
589655955 -78838088
252744316 -88356345
599249301 -92542868
-183077822 252144780
25661632 254215565
-292896760 -403703521
-254281605 56232276
-39691055 -421676637
306733341 346914041
-767576528 51558354
-488760881 -434000938
322124306 41951228
-70307712 -359095812
-192131174 166640900
467111568 294073408
-225790670 -151254340
-316800434 258163388
86381098 -294463299
-250092460 -267137421
-146790708 236970331
-416176751 312585888
-510140012 -628788576
-161210505 -126091075
-102366828 -110637663
207133035 -144508252
-28874480 205454614
-479200685 -346896930
557249190 -469212747
688545385 301994977
-286740039 68541035
409180992 -220980768
-28590719 -629807937
-248325878 -364086860
-350107228 -586232157
146620937 274223117
482510595 74226712
-72225611 -390856001
85617288 -160832237
198085436 -62516972
-245643803 759418824
-402181481 135312468
491054312 473643988
47363137 390851032
-180049324 532522384
-691245885 -304517304
-389565671 -24487792
676686836 -126330492
-57298987 -91527912
463424267 206855202
-512344823 -648876854
56779906 -367697153
-165038925 -125899654
-288148912 -388555625
-460646141 -177844418
-83939016 -253453206
-475459592 -312811416
335890695 283683712
47750777 390395555
359280579 -378844536
30942456 -122241378
279729065 -492489556
572474763 -54293528
43913496 -245466258
-320832705 1288926
-444904571 -165938581
333681788 96643591
703631547 118543702
-489308425 -137801494
489148856 459353068
-50887747 -211738662
-451630445 -95701410
187949190 -296214473
-104508989 -77243805
28372746 -97829133
-324082544 143952934
-777074000 49579714
161005130 -18959680
186217911 -309825325
324970569 -427858836
87484283 -159080134
470777432 -324245388
362294917 340377385
-16639010 -91426490
153802761 -283893205
-405726064 -763682729
-348188567 532355418
776915419 91601102
-10312545 -133635973
-498562246 -133743976
-65072139 54218688
126003983 330906777
515003424 653262328
382642602 64830096
-62214063 629763
-31779763 -570013362
184085264 -245291321
-409383521 226538308
53331796 -334940108
248027514 -238403030
-366648296 -212892346
77450486 -46432312
-78435848 243805817
-292648699 24557117
461630912 252968488
244608133 354222889
-84678664 -247720934
215518353 -194945217
30035140 -68472725
-31669875 -572073762
189386888 -8229991
67142355 -137508718
-180049324 326371889
285601364 -13254521
-478330493 -338968514
199968685 400092841
-63906108 245258791
-562303223 58244394
-152760225 -126513589
312856680 -59495892
340223695 -406068656
-48843591 -250066587
35762678 -207618871
464115600 271603648
-43215887 -355586037
-640064165 -113940549
676384586 -126290192
206858814 -296540501
-435055031 -374869601
167089978 -84373251
53299326 -334631643
203680886 -203004769
-10408545 -133631173
498301624 527998828
-467738096 -242460008
-338055706 -547782063
-365730071 -326405392
-122965063 590986667
-207970472 17047530
340168745 -406147156
-148778661 662323869
482369608 102531769
13466252 252996027
-371742533 -250247540
310807107 262964452
-316486008 258919710
58464540 -57725025
-405532592 126984174
-476269191 -127036545
432402142 -259910343
-42284385 -132037381
-180049324 456392368
240683632 -140834312
-475660446 -147485056
-37015487 -471843537
-188521125 -124725544
-372692624 133825834
-40562662 -279247267
-14230928 208505354
486566832 439987888
-2191569 -343173249
401349588 135470383
-34727189 -133069245
-169690889 -25098285
-327740298 231848580
340009845 277799212
-843848993 -651794543
302226514 34428892
-382090849 -49284658
-666057080 -531354860
-246346625 -345393915
-729116102 -574072262
-352340546 -221476996
-104644212 -339385337
-59704111 -46431837
512390501 322719081
-480029296 -144863746
-198582839 -1984725
-361970196 -215699206
-362738846 -215238016
370655879 240961227
17497136 5489162
-172195337 354923805
-186192952 -415915693
-44942088 247155193
189349429 360723913
624276461 -119342442
-64106507 -301342260
-76296184 -312685154
-396479157 66503757
-867552368 -667851668
244881805 -196610039
578616335 164505177
502917598 -378127431
729713936 -133400772
40234418 -203422315
-297100080 305550726
472251784 332625028
27171772 254366579
-187344821 211845345
226577211 439845832
-849228857 -655438967
-244400267 762172368
-369207171 -211357021
-99123788 -135771223
272792458 14824461
296655008 12010951
95940377 333772775
-321463186 -494844023
-171166880 364637010
-233096039 25625835
-223981039 18333835
-73265456 -336173296
-52417616 200549794
-78934528 -292237988
142180352 -244877473
214417077 208135633
-148987339 -41661125
664151903 133058277
46138780 -48899600
-347850353 183475745
-59454522 -296976551
-456191132 -137254336
-279549771 -265151461
-509207225 -620289850
392981281 -330700676
24653152 254114717
-180049324 579305443
-370969775 -260035808
-369219055 -647207986
482994645 326177417
481169090 -341666697
-93501836 -179341351
-86606414 811873328
-473432810 -294345180
-576986339 25731780
-388671815 -35809968
-247371858 425167260
117327386 -51749232
456119911 209540627
244382900 -107468153
-739382192 57432174
-479123798 -346196404
-53018463 508799412
201562444 -205343481
-168432080 176380114
347118398 84576497
480215272 392351188
-56233971 -111496962
-323055868 -499925437
-645491615 -125958474
470240486 -98804312
233596013 -46670231
-250954787 747658788
149431736 -56029812
-386454992 130958674
407682457 -309698996
545972459 176506602
193483095 -143825755
7188526 103420957
390420849 205783492
504013224 570835828
-300997573 -429548972
-387536145 -114774793
483383537 326131665
-165898587 -396870212
-149226413 142963888
324196229 -428965036
-488868793 -137438542
-482446823 -376472854
-180049324 386527340
311860059 318013192
216928481 174769837
475446768 356587408
433678604 -262050294
-229200824 -183461350
-270600296 -270521146
394877035 -327992456
426383711 -92956742
370869904 181644999
-21272506 -87869518
-85626352 -112198411
211975407 460705552
453742611 115323832
-119496143 586910686
-345555871 -225547801
-546368126 -450275246
506324104 588167428
-348651440 181548806
485040648 428541508
-198744671 104180095
455188808 204652708
-462225968 115173054
-44393938 -292208557
669570311 -125381622
-88933948 -214742483
-222921623 -124157785
-173989776 -289974146
-182830988 254475990
-850041026 -655989146
-218975059 -167858094
-81781300 -270175505
454033524 91819347
-36320931 -484866462
-124911407 -358405320
-226145071 79461275
172727033 362679489
-120359385 -128133631
-318624154 -485786159
-43048183 -358730487
145545912 -295483382
518797196 -404749110
-71712576 -291737546
11827356 59352072
-467184317 -237414466
170284961 -58810242
170865555 314413552
-77355828 243913819
88324897 342720964
760404161 -137492802
-180049324 225716830
493992200 495678148
-51462367 -200964537
-482730494 -379057412
98545901 371406681
-196514759 125240375
377317416 -167562420
-656372618 -524794418
-270764818 -333092087
-365294951 -331916912
-72146876 -344842291
482370786 -343681305
-463525021 -154766311
264722465 351856497
-235279589 27372675
-180049324 558938460
-403327361 149826948
506048600 586101148
-58816947 -63066162
-89126808 -213247818
254164671 283788877
-455630405 294448491
315505061 -78172922
734428586 -134029392
-221655062 -112195820
343571851 -401285576
-152579139 -38787685
-321945358 245787760
-256206457 54643154
-507900249 -153150558
-411053201 247687588
-368159141 -295637172
190804208 521849464
-10179604 268418192
229360620 -141804793
43565857 395312836
-66541627 81771588
-534960653 -442547603
-163654389 -29927485
197644961 -62458242
325420783 257591777
-509236025 -620552250
-315265965 -118388302
232433549 355655193
560142429 -36675908
-211091792 167492674
-477509603 -331489294
-232000060 462142666
488607922 104890156
-302849496 -251171626
-277523521 -354655568
-94963764 -168011409
-318320099 598492740
305560477 347052025
341049387 276314152
-35104359 -507677187
366407766 -299291345
501243328 550061608
-192121720 -152458855
-487481270 -410384150
-46999768 246949425
-599118032 86653874
9697236 79588212
-176630313 120339738
-333137946 -232998556
-170936085 -125604796
114845643 -133402550
-384748696 -202032106
130263611 -53474062
-699084183 -310988457
-453836678 -115802644
296483702 -139819873
-103768606 -119057068
-279580769 684272685
-103118696 -104810686
-2040783 448900638
341638185 275473012
-5621463 453107937
-134661472 -367555381
-64300203 39744888
415951383 149173606
-377467571 -177730392
-364931057 -336526236
312234475 -446053256
-55013987 -134371662
-517593479 -696697942
-229696151 -235755521
423562191 221510377
-391524119 319216
-11244189 -151855645
210381239 299885727
-49939295 -229522137
-122335028 239415899
579422487 -64218848
148567182 -240528993
10150811 -168971645
-334890121 -231947251
5272266 121625427
318112061 -78520522
377470471 -352858976
277289159 275287227
680734225 302913937
-371466874 -654379599
219915822 135080878
-312122221 -245607991
-44884895 -324292137
236125932 -80282012
-535327001 117977457
-180049324 473656494
-26565550 -292515943
153005219 320979852
384154476 -179024550
-494099312 108532774
-24853688 249164033
264853560 -60678073
-57114320 199571314
-61483503 518745834
-855716909 -659834099
-93778989 -85827805
-216413489 -62692075
-52632016 -377515681
189449372 -8206369
-920088368 19785054
-11945368 250454865
-648001199 -131515410
354876235 -385136456
-103959112 -338742397
-397330337 73864644
400661118 71641974
92649261 -278600769
-411050699 247655896
-640508441 -114924303
-180049324 322127508
-180049324 320977622
-383773446 -202617256
493828928 494453608
-52666467 -377539137
80333032 -294359022
-423897137 364715013
-387049525 -704095676
548996007 -20752448
-495303827 -493614446
-728097938 -573382538
305117602 -133941473
340691967 276824752
345320801 -398787076
45439356 -259961928
608787459 153412852
-567657035 -464696765
153953819 320631102
-175641189 -20338045
-119606122 732495652
248937633 -250494611
-118961589 -65681725
307382313 324409972
-457476473 290360769
-244110540 -172113165
-817967186 -634261706
-270479357 369584357
-44827587 -325366662
105199383 338555527
146767857 274050486
440333210 86639960
454993252 92182171
81802308 -164412449
-439567967 330015318
313595596 50732295
-442337900 -11036000
549429783 175235527
383630755 236191052
-32432647 -557771787
450058760 166177348
-614129837 -56514537
376343820 194156807
343188549 342625193
-525958352 101895474
-100881945 -129107503
512733738 -394583901
-4087848 251240617
-587468267 -478117277
-367135343 -308605280
-570382889 40353705
190263451 529033807
-271581585 -120572521
519951159 20740192
-208060193 16200165
-633716831 -99885738
-28251159 -636174687
-259094496 -277424626
303164102 -298200937
-442242171 -167536021
-590606965 -221431684
62929377 372560700
289974909 349277692
-375203656 -666301713
278327486 -73215912
443495050 -278507277
-237310991 -240913961
52266186 -324816813
140089661 -54784202
-40025895 -415398387
-445683291 -101785395
-56107739 -113863812
-180049324 249543387
-122441522 -290862909
-227445077 -166879295
-180049324 422852571
-298861904 149207234
-397472669 423226335
350425005 -391495356
-45778789 -124227965
-517839458 -698939084
283486061 -73903722
148209311 -279418445
-210484208 167619254
235917514 -77513030
212390031 235066387
-180049324 504719474
-13950076 -351179041
-106870668 240962335
142321976 -340750265
-241708097 -301585595
492992912 488183488
-244082531 -324010805
11653412 252814743
351524565 -389924556
316674611 -78328862
621194989 309918553
65021204 -297411361
-748050992 55626174
-439998269 10280638
445266688 -281477376
-294927901 -410183828
-569051600 92917714
-283119433 -372509192
370502740 -299361948
-278040973 351395605
554348991 -28399568
31728255 -135738013
-141131988 237536203
439229784 84960028
290314605 348792412
-72231527 -129085937
213283132 -178553337
588181982 -521070663
495757400 508917148
-599050789 -228402748
291216511 270166877
-487814543 223183614
-334838464 -537517529
86034361 -229678485
330173020 -298666608
218943172 148003228
311202703 -447527216
-16158802 -256345183
-180049324 311148609
-10939588 250555443
-45296268 247119775
-136755566 -131527748
-645725261 -126475833
-529714832 101112874
-277403537 352928897
-535573845 -175997364
-479969105 -353898090
-426606169 -86035678
-381827216 131922794
-475690739 -314917422
370984620 181907207
-176161727 317463455
82101737 350033177
-180049324 561087346
-297926134 -419749619
211092987 461966152
-803123549 -624206339
489324064 460667128
97935193 371478529
-108354528 -64232988
216906303 -37622546
-516790640 103805414
177935923 311814152
-876136339 -457159423
-319621071 -241108681
144778017 276388548
293266729 -473150036
192405003 500581759
408512722 -219860433
202243095 -144263755
-337920902 -309069062
-498532487 -523031126
-66352904 -125103644
317090283 56396266
-502026242 -554863116
-66979619 89983938
-478054835 244794396
-35627807 -497862537
53609457 383511606
639929079 141963727
627752111 -119805862
354775491 -385280376
-180049324 575076343
290416301 -477222076
317871379 -438000536
-13324208 -292744242
-131306839 -55805525
-285549049 -380260824
-299268071 -253320481
-172467218 -290000397
374407872 189731783
-381115125 -115095844
28239422 -69151594
97169115 -139010056
-516476264 -686518872
-152232801 140481870
53395846 -335548583
189718060 536279716
20633226 -24303693
-167277589 -27028925
264680848 7212027
-108915516 -291096116
351252812 -123865878
79550348 -49753561
373650417 229741252
326722557 296781052
-156665688 235982833
-24298684 402549452
-453409943 -111914614
-104692245 -128916988
141409383 325243027
199245053 409706809
349183275 -393269256
-313271559 266651763
252517615 -298057229
-474444545 -303563210
-644183 447259633
503739473 323736849
42093526 -228176543
-142465220 -176663600
378258964 63172867
439501520 86998048
-247892654 -359995300
-20604423 470712915
181351693 -70989180
-395456879 50134176
114218778 -294943259
266612199 382652992
-126214220 -127542605
-273250256 154542994
-299970429 298646373
-690652829 -304027688
-313272010 -468710271
127786335 -140540917
393292207 -330256496
-180049324 236200928
-263593239 50023595
-244607873 761712669
217947331 161233687
-58910675 217526881
656259325 305793337
-337818210 207607116
11789646 59710317
36379451 -316912129
-133494224 183658834
-36472951 -482016087
593387817 313189985
318812588 58012583
-413825771 -184585861
-32518724 -92121137
-105285780 -88015785
-386048117 -69043476
-257336519 733527810
-160289408 235620461
-211003319 -11596025
12602621 -333100609
-313984784 146056634
-36152499 -488024562
-407416313 201620340
473122472 339155188
-249128912 -371671070
-711887504 63160234
-807937808 43149754
-303137947 15897389
-462898940 -198369920
459333200 235735648
295554734 -298069741
49021666 -61294892
371521606 -157845915
-328761054 229393248
307208634 -50027109
183143848 -247443129
-184594313 -205202663
671108261 -125586682
249095793 353694929
493345661 -101885002
231835121 -23275523
-374621296 -208108546
-496704344 -506374712
29974952 -68495479
-218553488 165938154
314454764 39051767
-286302197 669389523
-624247175 -78917214
379568843 237684402
-372427253 -241574420
225142141 65645497
-438300482 25749364
-240813719 440942243
-198771293 103928665
207664027 300884702
-10622908 250587111
-119333625 -128184919
191698557 360447545
-107128131 762510279
228401936 22336792
-111540270 751897296
191060093 518449849
-347475659 533934000
-51848983 -193715487
-117165610 -290953873
183185457 231259806
-114096783 -419364033
780397511 -140158582
382911402 -176940573
-456581033 292343529
-253662835 56743121
449534600 162246148
-130624574 705991808
283685927 -486836896
-391094933 -5117140
155955857 263254586
-454957628 -126015744
-263720512 -179526691
-360650585 -390745548
-506854508 -598853984
131811408 -29996331
-438768287 331786038
-66467787 80387088
-226128962 -154449320
23381332 253987535
5494275 -134426314
46122927 -310278273
228765341 17508697
-46045707 -302526912
-39818839 -419280687
-224556955 480046351
-416654121 -182888851
-430102421 -174819871
-176094577 596618017
181216804 -251847801
-398592491 89851928
345615319 -398366336
-71559092 -349397617
27787692 254428171
-5823039 -156192565
397661 -161169125
511781216 629095768
-401806541 130563228
-398727018 61096740
141600737 280121852
-121461496 -290879806
-104107172 -97149997
789849836 -141418892
300595933 347636089
-131025717 157990044
-378163084 110561338
716767586 -131674592
-409976421 -186895471
-788516720 47195814
495978640 510576448
230699721 -8190923
164586337 253113772
270565550 -297638893
132040854 -251780961
-99543084 -132521679
-665007296 -530643716
135856490 -295316323
-36888667 -474221412
320435955 -434336856
-671236179 -287997663
121060211 -257699165
-418910969 347219316
-63993255 33989613
372597280 185593287
-485518505 -409054535
245545307 -205425137
-64270607 39189963
255886817 145835708
-72787888 244370613
-32647157 -271818870
146027950 -295491693
170008817 -225930433
145066711 -276904365
138409702 -27501854
281110220 -23519993
51017697 386556924
-234034715 -229114765
-182362488 581541150
-10446943 458777876
-80234468 -282163453
-589397117 -220432856
-396994796 -194684446
380972499 237168352
345508211 -82173342
-474042821 -299903058
120498498 -128097563
367554663 238449472
319021823 58208942
-305194821 -249764431
-180049324 581652538
-41571447 -386419287
344274516 -112166970
-63929687 32797713
-20156464 363198362
-389062013 -30867460
-256385612 -176753741
236984478 -18779951
-208275608 14165690
575432571 -58518968
-459617891 -168475918
193856993 -209693377
-104415022 -339170251
-339887946 -228948556
394597063 -328392416
-315042996 -243855526
-180049324 283013624
-92793778 -291374077
-219486188 -91712010
-544445360 98044014
279257615 -493163056
-79828416 -285310356
-28110794 438764497
79886384 -49626523
-391954331 5768568
386676787 -339707096
530243175 6037312
-306716297 624186873
676702663 128444027
234073784 -53017760
-76390232 -311956282
443969739 214007602
493012903 195977027
-95364616 -164904806
-384018881 -94747132
-341358880 -558320761
-214555485 -123423826
