974
946632580 -859589985
934077699 731406101
338922657 939442933
710580765 367334966
-423732985 -831526865
144533199 158449414
-27442604 274117255
529260548 197742940
-898630751 -803090619
-816333560 -52143659
-412170259 229680787
-990147972 812750933
-445569058 -610702139
693961065 212911176
483357708 -344659667
-991165085 898001918
-3856712 -602270596
668983564 -824636966
-21051246 319488811
732307555 457274506
-638371693 -491765261
358794254 -86075220
530734116 -805803448
833789671 965182400
-477894060 -583648062
125300040 -970706849
-443766306 -376620333
716833203 225361729
-713595427 90805484
-900124851 416900936
-592130231 -700593641
-431509208 -530004359
-228115379 -883886380
606459864 606524164
-460269383 -718445009
188259396 625235119
482138840 644662327
577709352 580489555
62721142 -467258505
-73017878 942149116
-903758141 -932304822
172480892 -423593028
-626753213 -640983778
704078731 609315525
-790505290 251893537
677386700 820432731
-186608892 930939001
-481083657 -504113666
-874934822 169913389
-625943009 91212968
-493992204 -562214748
-422244258 567187707
-163138906 254002655
-381889073 211949550
-646304945 -681945511
-545000760 -869556640
366705089 -272657489
-31336347 -743511936
-204787881 339348752
-489112990 -161643636
-384798219 710056609
147779662 -965338120
-967377668 -324796061
-150987975 463753507
880015764 498047237
-418365169 -808956527
-620401554 884650332
-918179679 -796925524
-278796951 -138059125
863087110 -553999137
218576411 -937801762
688733624 402139816
425828981 -862333206
-74081061 253101611
-493350052 -506984319
122640441 -573430655
50567729 -718724331
-211338164 -229591632
74533213 489723268
-732875097 327422491
929681201 -146091787
-997877010 321354578
-122001181 166012396
382060697 111008527
-649997376 -463607565
-988695061 23548837
441290989 -837886037
640111745 -741994677
-474019632 109353924
-541622586 -74644691
-629893211 272161011
-137077655 178784224
289809193 123173933
-196965199 818662659
128562062 167005730
-102843941 19198026
-501884009 -330055750
-82455786 213863984
-275458937 -110860461
-446124169 -385815590
-157676573 -201000462
102620529 95547484
-187224635 -296075675
-29700437 62032332
-109217001 410392282
-470202117 -497372935
-349291201 157365269
-182981261 330510458
-12569256 386250758
-331634160 63015282
-620795981 -796782896
-95518455 -463729194
-57876898 533366596
-217349853 -305428702
-109217001 410392282
-400527617 162605357
75946627 207840138
-43127685 90565234
-342345180 -359680849
-21949778 225144179
102620529 95547484
-17866317 36884827
-140191906 348026329
468897611 118841255
102620529 95547484
511001936 110981781
-241522425 -626419332
-80972863 -213020687
-455747040 -481805929
403599751 80365058
-1381152 -584599872
-373535432 -153657477
-92710168 408357193
-43844813 92089131
-390218910 396948357
-385600230 370621881
-455747040 -481805929
-187224635 -296075675
-42254570 173285342
270980035 -290984512
-79742211 220557469
-428899587 -177816381
230391745 -100572114
496388654 -204793631
-80972863 -213020687
-79742211 220557469
-587224787 -246903741
-118001437 335706971
-283695177 431903290
-80972863 -213020687
-131166432 -471037752
224609730 -515684481
-204781563 260494948
-584270092 -415680417
-587224787 -246903741
-695120377 -293985453
865356111 2354187
-302705984 408848857
-264460745 -296933854
865356111 2354187
-447580657 -384359102
696754021 -128560377
-204781563 260494948
239599278 -504442320
-90601219 302626220
739931301 -95034489
-521611562 552083371
359168832 -900081108
-61849251 264693437
107898008 92715666
330895647 87800705
1979225 -355088922
-179780112 -69109701
-352851422 -184261747
-384525699 94415748
201924210 -532698621
-223064816 270305474
-384525699 94415748
-151806240 -452977920
201924210 -532698621
-22520766 361703700
-365926656 -265622556
201924210 -532698621
327584999 88139294
-168352053 -219682552
157262245 -292248043
-658043699 -116583852
-43844813 92089131
-283695177 431903290
-167995068 417638893
257481258 -491030835
-62036537 183900056
-455747040 -481805929
-564752842 466554235
249337350 -497138766
-143865713 366933353
-37975265 -119998812
-184533630 -189729949
-62036537 183900056
-658043699 -116583852
-168352053 -219682552
-43919761 126134099
-83552789 326594850
-388421269 91410594
-13380981 27353488
19989982 56431956
418875846 -344324607
-43497024 -547748484
-452431177 -379508582
-168352053 -219682552
130543587 303384818
-432014539 57781500
-179780112 -69109701
-660633889 478375186
138926725 -292451771
-262840989 188286810
-660633889 478375186
496388654 -204793631
-48936005 201516228
-660633889 478375186
413986127 79302815
-385600230 370621881
-342697370 126075579
21257184 -604408416
-671018978 649843779
36326207 117927125
76053402 160234351
-99490486 312680359
-551545901 464925982
-376369340 318005808
277577910 -475958346
353328595 -290069528
7775235 -17603471
30555745 -323246514
277577910 -475958346
-390384530 397892391
-262840989 188286810
-481053845 -312464170
317799065 -3175386
21257184 -604408416
511001936 110981781
489814225 -288553021
-215790393 -47200718
-320332992 -305517012
-48936005 201516228
-413134730 527568531
19989982 56431956
-616841941 -448252266
6705600 -591675780
-587146357 -246869517
-500111201 -331828558
-489971001 -341968758
-378977209 160401338
418875846 -344324607
-477250881 -354688878
-48936005 201516228
317799065 -3175386
669896111 81321535
-378977209 160401338
203239362 -531712257
-87211131 202134133
257049179 -117098041
-262840989 188286810
68523986 113843190
489814225 -288553021
-210401300 348451965
-262840989 188286810
-262840989 188286810
-300552599 407439852
214643712 -773621628
268893942 -482471322
-12220221 24886873
-378977209 160401338
-634507407 -267536157
355799561 139952891
-441705217 -390234542
-161219537 387884921
-402165930 465046371
-308740269 152878794
-204503583 260345788
8294707 89449278
329449435 -290334852
-57334549 120754820
-316675488 -308717328
-470989152 -173692872
-634909161 -466319486
178868035 -157984248
523401865 -288179825
409032565 -289450595
-537395417 -706593914
-98997861 173060199
-182223065 -296020102
-99490486 312680359
-221370391 460506074
-48936005 201516228
-634909161 -466319486
309118626 -452302809
-369513320 442483609
-471430809 -360508950
-470989152 -173692872
-578270400 -79821780
-38250737 -111918300
-64955691 257030885
-3573533 6512661
-64955691 257030885
-100556976 169214382
-461849585 -370090174
-335329520 84078834
-378977209 160401338
-29704581 62041138
-369513320 442483609
-169031832 -173035705
8294707 89449278
-162952520 417017209
418875846 -344324607
-105818039 309418800
-76424321 129458429
344044651 -402428829
-708002878 -539413203
-235193773 -336655562
309118626 -452302809
-97658976 -500356776
-21613570 311253712
199663554 -534394113
61401374 -197212820
-34447439 364476120
15786411 -34627220
-551607075 464933524
257690442 -490873947
-512083866 -542476357
-551607075 464933524
-520570689 -311369070
-63502322 567822318
-97658976 -500356776
-431405112 -178909701
-370807982 -152467317
300131878 -34360115
-686755838 -518166163
300131878 -34360115
-512211676 460076557
355799561 139952891
-157388251 383259344
487994191 -290656245
15786411 -34627220
-44063997 92554897
-235193773 -336655562
306260290 -39682157
-520570689 -311369070
-43636478 46063436
-387624192 -246637212
-46644353 134294436
-35410112 -195243300
-414290936 448004137
-387624192 -246637212
-339595260 108393552
-93031181 -226060496
-62655314 562634394
96447446 98859870
-411371634 -242781959
-504331977 -327607782
-44985149 123604526
-212543993 449849813
262182798 -487504680
770624546 -71202087
-83401071 211532281
-471922857 -360016902
-44985149 123604526
-420385852 448755565
359790432 -900625008
1839243 -4989488
-7436631 398911233
112455925 -292745891
-717187189 -162208830
-471922857 -360016902
-407567904 -229186464
-55053235 259708532
-43081643 29788276
-129270242 295366211
-61067938 552911716
770624546 -71202087
22979854 38118990
376516961 136085643
305622043 -175740889
-144105649 136380383
-30507104 230743417
-401283360 460015722
266915022 -483955512
-19146162 296140838
-118412030 288261455
-76674578 648502386
256216170 -491979651
-44985149 123604526
-741747069 -927578840
-548767137 -230122221
-251103432 -261420505
-336011505 -731707164
385816966 -369993855
-454694977 -377244782
33788942 -28086674
-227869852 272883786
-352879530 184113891
-177085992 -67934085
238784142 -505053672
-454694977 -377244782
-453230441 -378709318
-53945864 348472092
-213853006 411995179
-221146167 -229158835
90319361 189509195
-453230441 -378709318
-501420569 -330519190
-530165243 557680224
183564446 66869497
-458704009 -373235750
-68494776 248301142
-158491110 363917743
209479098 -527032455
-158491110 363917743
336243840 -880021740
303544886 -37324043
398517986 131978785
-278219469 -290622391
-61312690 554410822
260571679 94992929
-717187189 -162208830
188858575 -146851932
-254136133 286977888
112455925 -292745891
-68494776 248301142
314159367 89512370
-53945864 348472092
226999151 98426483
-677271789 -131416950
41803422 -77175364
-417847710 554432517
1839243 -4989488
-159135853 236002128
-68494776 248301142
-10007293 20184401
-10007293 20184401
-458704009 -373235750
305622043 -175740889
-278219469 -290622391
-31184726 253362199
-219400693 -309017672
-177085992 -67934085
-41435342 -18503220
-366805263 636092078
-381548090 347524683
398517986 131978785
-92052153 131056730
8611251 -19380005
69276336 113439490
-278219469 -290622391
695204786 76597249
246429086 160368713
-541813867 -373224192
-201215178 421734523
-281175967 -113355165
-133576097 135303497
-117414503 -252428507
-516803841 -547559407
8611251 -19380005
-48055109 175676612
246429086 160368713
-516803841 -547559407
340342391 -405303525
-451883505 -380056254
260459887 -121215847
-143678244 -145731841
-230575821 -239313847
-88297902 407813215
-214008757 -84045837
-30979391 -325211116
-102808293 65781382
112455925 -292745891
-579932939 590244272
-2124178 191881186
416841430 -135713147
340342391 -405303525
-98170787 409030420
-334238100 77857740
-369203852 -151767333
3326995 -8150961
-219666854 417044047
758708396 -80454627
-34514291 -221520716
-369203852 -151767333
-100087941 170371335
-98170787 409030420
221980398 -517656480
-117414503 -252428507
-307812548 412190189
270429222 -481319862
19974066 208934827
-334238100 77857740
-105495471 207219484
489414666 -198737273
-41186829 86440915
-100087941 170371335
-567512839 -46745760
-2124178 191881186
674505696 -145835547
419991775 -289328826
134271025 -292503501
211820336 166829013
-369203852 -151767333
154722761 177487227
127797983 108572057
178145816 -531244395
-303394983 -317734483
-40461302 -47075060
-14961989 220571922
-208264608 -403576848
269224638 -482223300
-288784257 -301999855
-52275115 -415543758
-385221460 368462892
-51556388 278380796
-359018930 219108471
-102808293 65781382
340755695 86792291
134271025 -292503501
-181887680 329794905
-427408562 490444371
232852230 -509502606
49624201 -631037649
-693944446 482481967
-2124178 191881186
-374547050 307618755
394095085 -289616567
-52275115 -415543758
-379423677 -156226893
-718692259 -163369884
-718692259 -163369884
-160186476 -163509937
-153179613 -193130782
200624130 -533673681
-247665093 -358480372
154722761 177487227
-97619499 315743388
223169538 -516764625
-376323140 317742468
-51556388 278380796
-97619499 315743388
-33709316 -245133316
-119214650 49375025
-456229982 509302831
-41186829 86440915
92008747 235948848
-1219453 72799498
-500387047 -209010909
-208264608 -403576848
-388950903 -546066707
-388950903 -546066707
-485815455 -650815583
238399458 -505342185
-42881675 -405076782
-46416209 127602212
-487917007 -203569437
-337660153 156175730
-233775293 -334173222
-293482217 -442827314
-101628518 314537071
2509454 163500190
-531576449 -19023402
-518861439 -9214680
57657390 -174280918
-401212110 446391679
209624036 -506802483
184597013 -29625304
-506250168 -536193913
-216156589 224300490
-32115309 67163935
-456229982 509302831
-314214581 -465247196
199490238 -534524100
-653254432 -275716677
-456229982 509302831
301214880 -849371400
-179562829 252529962
65468718 -222125302
414587607 79241300
-541068211 463634212
-447390233 -384549526
43387230 -86876188
-101628518 314537071
53102255 -298123260
269851019 -132553921
249692356 -475690611
124782161 183076139
187438231 -33055555
-208649413 -290202932
199490238 -534524100
10559919 443302723
-45229597 95031797
-33447688 168559698
-155188386 416059987
388629318 -111213155
397554386 132158657
-65017955 -294717823
-208649413 -290202932
201881562 -532730607
-405206742 -167477685
-70580065 128860721
-448683061 452244262
-182300041 -322595426
-159489573 -204173212
-179562829 252529962
-557803069 -39255366
-285447159 537867050
-76532496 228474766
-448683061 452244262
-29119589 60798030
-86975255 -294961793
-31306571 -315613836
-176524708 -7935033
348305998 -76195535
-604997346 -436407671
-382065432 -402456505
-192194010 -197979589
-86975255 -294961793
-16281408 -571562148
56349707 173545528
-42818759 22077012
-76532496 228474766
-637435463 -468845788
-163908253 238562928
322104986 146242545
-258554399 191593608
-47831261 169110404
-637014463 -814321487
-632213742 -266535285
-653438297 -275796909
-387185014 444662311
-376323140 317742468
-723726519 -167253456
-422745513 -446265823
-78441982 294401395
-213038234 -44448559
107111717 -9626897
53102255 -298123260
26146067 120689158
-57283265 127500821
-47831261 169110404
-95974933 -93022592
-501729257 -330210502
-235067377 145683287
-402726830 468243501
-251314611 -397227461
-560985002 -235453653
-29182613 60931956
-70148139 336935580
-163908253 238562928
-650003933 636093194
249692356 -475690611
281132322 -473292537
93174416 100616130
-466714969 -365224790
-588783739 -63154740
286738470 -469087926
226111986 -514557789
-632073979 -96550068
-477056039 23035200
308671863 90073592
247987855 -80965020
-358564 206435741
-465996592 -194004165
-51513503 277122836
-54298565 114303354
-456389867 -618994889
-102279259 312148716
-652384937 -275337261
-76532496 228474766
-241770943 280342908
-650003933 636093194
-57414413 248349434
-451919243 506482224
-708247712 674203321
106697695 110730041
-402726830 468243501
-54298565 114303354
-48147682 473775148
-241770943 280342908
-125620695 -497271690
-325255493 423603474
211654758 -525400710
-44656197 93813322
-372671745 159756461
310879391 -182088175
-37594616 -131164516
-325255493 423603474
-391701360 405398322
198490109 -46398676
-86975255 -294961793
-35859996 328800266
-147470839 277286640
-531306359 462430696
-199446388 421516453
-74846526 232633492
-57260570 445703468
267706575 -58992732
-35444640 -554794320
589467021 -211865577
-436660837 450762070
-78441982 294401395
-172257377 -65827053
497221211 113554183
196880786 55305307
-95029897 131361272
-32090509 67111235
-712202213 676790834
-528250287 462053920
-474537617 -357402142
-33503181 334613743
-94935801 183079947
-422583181 -582436496
-53505734 335561612
-147470839 277286640
-688890582 -291266997
-12843426 257536580
126398684 82788474
211654758 -525400710
-418135977 -173119533
-56457569 422148772
-95029897 131361272
-501414401 -330525358
-199558937 -77740461
414535491 -347694765
530585226 -257585559
197117783 101482532
-300043241 555489149
-32090509 67111235
87844187 228660868
-147470839 277286640
201045474 -533357673
168166080 -732953700
49845774 -126434770
156480096 -722728464
-153960815 -295706077
66957950 114683502
-89569521 196316771
87844187 228660868
-399786600 451484190
10694318 113367898
-54286836 283347394
-199558937 -77740461
239152885 -291338147
-188870183 421268018
-484747085 527962170
-240610066 426591427
87844187 228660868
-174825714 378103057
-401989900 464043000
-129202122 219940126
-366822210 263587167
-232928268 275598058
-422583181 -582436496
-211958852 -83151333
-211958852 -83151333
-36679249 362754438
-306778584 -321378361
-274193497 149684822
-694036192 -525446517
-9897298 239491546
234093024 -790639776
-15125184 -572573844
18515507 140677008
-94651086 183782244
115202547 276537998
-15493152 -572251872
-380990559 97142856
8510377 182967098
-484747085 527962170
-285665349 -298641031
-480968698 456224683
333478535 87536546
441624023 76476212
-56457569 422148772
-279833042 393882611
402984161 -356664033
-380990559 97142856
-457816536 -484034617
-94651086 183782244
-503128943 458956768
-174825714 378103057
-374814179 101907492
-336520320 90866394
77669669 99469904
224218286 164514729
-279833042 393882611
-422583181 -582436496
-272941833 -284938783
-503128943 458956768
347645506 -399632871
-148699923 -151139803
-194015405 337730330
-169050721 417769042
-212967065 -296361702
35209047 118041380
-455576559 -286986884
-56507693 -23954922
-212967065 -296361702
-29855514 166632190
-94651086 183782244
-482902353 -349037406
-40821242 -36516820
868666606 4924689
-48594226 476510230
-587223852 -246903333
-148699923 -151139803
-511076216 545189873
-309123342 -323903485
352261686 -396048543
-111161961 143055419
-610183151 472155232
-492742272 -154658892
-511076216 545189873
-217390105 -360541658
-209395302 408124015
-363697407 -382675555
-706107293 -889038152
-208205965 262332432
294271736 151438085
294271736 151438085
-209395302 408124015
10000507 92434428
-356231208 -374635033
324720417 -198798682
-212967065 -296361702
18994469 140420004
41346750 -74378248
-144637842 414759235
6204910 140865522
192302226 -520252359
-506602201 -325337558
-4571733 8633836
487171361 115430155
-25728781 53592563
-3230032 152345346
-9348201 394196027
-172365573 -226706212
171742103 104077772
-354878937 440679370
-305425839 155435640
-55425536 391875804
-364216704 -267118764
303324806 -434046591
74275443 103567811
198965365 -291784675
-27303666 346105550
-263905252 -105818853
-654958509 -486368834
-336189312 -291642732
-356231208 -374635033
-26541861 55320358
-397158830 436505901
198965365 -291784675
-354878937 440679370
15869851 200398002
-356231208 -374635033
-372972393 -204382718
-397158830 436505901
-338965156 438717397
528514881 -259193121
-240508755 -625289814
-233303746 275799534
-326827730 35618631
-515250457 -316689302
292654050 -464651241
-209254337 143043317
-293641062 433129495
-48821084 198145212
-281780283 533439968
109280787 266174918
-212479026 264625294
284607211 -448580253
528304846 -259356207
-55581120 -537174900
-17957261 37078083
148422931 -554323341
-536457024 -116408484
-212479026 264625294
34406874 502125212
379475936 135533301
-52846814 316233292
279967158 -474166410
42993703 117245222
-110684061 144234239
-240508755 -625289814
-417346459 69096876
109100486 -584856063
-372972393 -204382718
-514177569 -317762190
-76154274 645315524
-39824004 401836981
-405123960 481907142
-314545859 148400196
-409446120 506543454
-281780283 533439968
-313239552 -311723772
-4112856 407109878
-217633805 -599800584
-313239552 -311723772
-81115814 296723407
198965365 -291784675
1380515 -355756056
-313239552 -311723772
-602547570 471213859
-702821969 -534232294
472147010 -183741677
-639596749 475781566
321079776 -420260379
-421150142 -174434805
122247295 -292637098
392947786 -364456983
-247505721 -257546047
415121065 -289382945
205044630 -530358306
-41276474 -23163348
-146747529 277844622
14181451 -31216680
-146747529 277844622
-18606229 38457140
1319027 -3884029
128795685 37744592
106542236 186480925
-17825164 209696173
-313239552 -311723772
-259042667 505988456
-30361142 230647911
-647450975 634422740
-512503008 -137368248
205044630 -530358306
-4112856 407109878
42993703 117245222
415121065 -289382945
113034236 185269085
247440246 -498561594
55490547 172041998
-400325934 -422121661
1380515 -355756056
-510203870 -341614195
-259042667 505988456
-409784339 478912472
-408298140 499999968
-510203870 -341614195
-512503008 -137368248
-57945854 248697167
-52801010 314889708
-394817341 -226227666
-180558799 -320712455
-396021980 430025856
-121356975 47232700
113034236 185269085
-501305914 458732011
-246584346 -256553797
1319027 -3884029
463546645 -288844883
308939271 -179745835
275704855 -290932014
-165159327 -168865315
-143078613 227386048
-88448406 199082188
-39180893 6366978
222441986 164846305
305585885 -16784358
-278722912 -112284741
-349520161 -503426486
75372685 102243092
-163145225 390209837
-141154360 226353522
-165159327 -168865315
-713311427 677516616
