298
-343781323 738776994
-332530218 857537793
667910512 467930893
222381915 744278203
-215507376 565422635
236067048 969558305
53497277 -873934976
355982426 -99828182
-834547989 908109659
225738162 -829336937
443431096 771153960
513774653 -228173038
294522454 -117943379
-353986094 -974117443
-345087686 257570523
-546273713 -936724888
-539597881 -405166108
-163153941 1309410
325395978 -917668085
-226973263 -868211944
-655309356 452257749
944339288 -748242983
-262599871 -644158734
-970315586 -871786497
-41753020 277124007
-475866116 -859731606
701337199 -370456212
-393309760 -250809995
-359416397 -85322364
-29351225 53760540
205928438 96304201
-713730809 -404418864
-892397059 -460935739
-277691533 -484849631
383173869 -218831173
-323493836 150935225
286633971 59544805
522539921 -252822893
-832664295 -442040681
-542185700 -429461123
465291211 -238859793
96898428 201486093
-150138787 -226139755
-515554032 -81343140
-564786097 -357303700
-194250455 70250463
-385482340 -241417091
-101745042 393118617
277455831 63216061
-446164620 -314235827
-357336757 321985114
317895021 47040385
55988515 582235436
-592542266 -634351693
282014781 61392481
263288481 68883001
-154131421 13931451
-121982251 21075711
-253060246 421133272
-713715433 -24602181
72580141 160876673
320059181 46174721
243258313 60291851
289811861 58273649
-440629560 -307593755
406622671 -224550393
-669513503 -390431757
-347835824 331018788
534075435 -255636433
-605046503 314397871
-480203860 -355082915
43520715 400144036
-510881800 -391896443
169383492 551785936
-165873127 11322183
340907821 169261913
-445621026 -92102064
283608331 60755061
-541528100 -428672003
-517179444 279905084
-367339955 147129170
-741226776 -43025068
-425290011 -164688164
7187048 288031189
111950480 482589536
-586870842 -359363864
412484612 347903630
-563877435 -331660964
663408869 -287181173
-511454718 -268501064
811915133 -323402213
-446244844 -92006092
-145803725 65405790
361080298 -53371711
703658241 -296998093
794760651 -319218193
-137407565 64566174
316275071 47688365
-191986477 -169956394
-748347916 -49795988
-308279682 -23711864
-683899511 -394982433
213767648 88741669
-646075691 -659333958
-707255863 -31420616
-498765684 187511708
-209353466 -455530253
-476739140 -350925251
-548106087 296416687
-619168466 -646777253
-614886716 -644779103
-316330939 223224535
-319145972 384362300
-553770015 -75463758
-211936181 460234842
-467219239 -88779262
354692173 169692674
-497272379 -84155702
565001418 -250095615
-255846339 204124135
-496562761 -84264874
-485308787 296715980
-569434140 -462159251
-928240853 -472274082
-688667211 -396490583
-119051315 62730549
531689344 534931744
480330054 454350789
274473371 64409045
367426790 277209461
-357823063 236327311
22844399 53259411
617844110 670105601
-10755481 45792771
-355801183 -402400556
121531846 -108591227
-634317078 58626776
-322760249 354861138
545301399 -258374473
431111713 -120931429
-172971130 9744849
-557002445 132139050
-561160403 141072281
-188835396 -125114577
-113051611 159031063
-713812231 348744943
-36556033 40059315
338783211 38685109
132098628 167528253
-265708016 -481829043
-416041811 145607237
-37119275 54537345
-548681380 -313352464
-722737443 351563431
-468315493 -283635451
-666390283 333769591
-749055193 12700899
-114699275 62295345
699321425 -295940333
316079891 47766437
814636221 -324065893
-190302617 -238844640
-49468021 -134326780
-188888926 6207561
-532217276 -78779564
-189205603 -578251446
-375804171 -297523703
-173930332 9531693
266899341 67438657
-775763146 -75862928
-545153320 -433022267
556810591 -261181593
-483798373 -242909368
-411117491 -308694243
-227670315 432613196
-427701380 -292079939
373750240 287130736
-59736913 521193452
-187902832 6426693
-313621229 363550698
-529964160 -414795275
276861141 63453937
284022441 60589417
-418693485 263645930
-21591877 43384683
-414667800 -276439643
-168159864 464003324
-300217453 -197014138
127239877 619818572
-543945226 -76975264
-523929698 -80054576
-419377476 347496687
568219078 592245637
335144061 40140769
-553879504 -319615264
-195946076 -110537683
-531964460 -417195635
313291491 48881797
516107718 -202927575
-353659479 235012495
281451661 167403908
555072437 -260757653
-747732007 -415174345
-400068520 -258920507
-183602676 -135841653
267825251 67068293
314815401 48272233
-422423574 260099288
-6372922 46766673
-200645698 3594945
-634879753 -107817621
54277624 581332988
-161058514 12392097
180700268 120641965
316510477 168499496
176651798 -22109923
-158519061 -228790658
-91715979 152293495
-506480694 -262508264
-139732391 -423040418
-266119335 207368239
-695763097 -398735200
-147633941 -426727808
-451240562 -91237520
-540011216 -609837203
323513261 44793089
217456731 667405484
-472061917 303703340
99268337 -882751716
-15345943 -761769976
-512737380 -394123139
-737108207 356101567
-339965436 184702005
321443926 205063933
294360362 162570755
-606181133 85378986
345673241 35929097
104173106 607651484
-393656893 -220373998
-59886493 -136931398
-106969165 -148702066
-125239316 -416276983
-669063553 -71734721
-293855605 -195423676
-62267765 57052194
229769253 -181415413
-328388205 379487276
-465947800 -337975643
-96749525 60500370
-515240550 -81391368
287659961 59134409
-69795071 145371103
44610805 46364337
-463554036 438058635
-270244691 150163397
-413346145 -150297964
-498134145 289950956
-237234341 -468541328
-540023457 -349470620
401552888 330752132
-22708991 -368429498
-142954555 16415199
346108621 35754945
-431007189 251937818
-182693045 69094722
254999181 72198721
-337247346 -58612664
-453742743 -198968564
-66855716 -389031303
277252501 63297393
-366650629 -213622432
-70246444 32572557
-375618419 146870468
-743751583 7102644
-22242874 43240017
93939155 602253356
-147454513 -622322041
612263255 -274706633
-397839900 -256246163
271066601 65771753
-309543288 389427452
253339451 72862613
146688329 -161151773
-22400863 -754323116
11256205 158960300
-353132819 147573143
741782501 -306296693
-597523813 -147248891
285661322 703381532
83408059 -318908208
-16108205 -183742326
-543303853 -257785738
-488292265 -85537258
-124770131 154709477
-176406883 -591761206
-397855689 -131634764
-387916189 -218938822
-851648659 -448045939
