10 682155427 1718537097
3220112692 1000032938 1542229927 4215763860 533142236 2530871067 3354329727 1540474584 245064798 4238468303
1618008845 1938843355 2322117025 2449424760 2968380534 2037443940 2931953796 2336127939 1854613175 314118915
15 1169066108 1166173947
3840851180 3554853885 2641321003 529377207 159664925 3604652500 3653946210 1504716510 1343247447 46382242 3169037408 3179585124 3414845993 865437571 3529499609
3965429987 1083670229 2230327485 2768037968 1364036119 3522783517 4186769244 102951466 3724296435 923783415 1280872527 370307445 3594825468 2045698740 1199225271
11 23705652 1136401663
3536886348 1252606035 744330111 1311932551 2576546824 2377464061 79523362 1011970339 1345812939 3316659806 532515881
3880774834 4043760940 2458559160 1323100826 670029859 1543858395 3475942801 3744335730 3513101377 3225163537 2270463408
4 401134565 917449216
1098606430 3243334278 4090273296 2806755999
1458372168 1451333527 2368919075 2757820830
11 1924877718 1726131212
2871493168 605848655 3546676346 1474520772 3709560231 1419803020 4236778836 1975912855 3253090794 3807717964 531736489
87988314 2531067654 4065944714 3772525510 1413113043 3239976311 2703819373 4093666545 1581486150 1263208664 2582351427
4 336665159 1859384309
3929048618 2673988578 2551522693 4055370495
739882525 1063820021 3069304248 1230540455
6 1376686291 977663253
2129109882 519490342 3868713893 2796783966 2290138115 3909097328
3102833700 62751615 555863192 1857628548 2974624317 2910669558
5 573978523 360476931
1252114127 2863710204 3296100175 851460758 3903887775
1844427621 2624245932 2163214361 3477234928 74464146
12 2060477625 126135047
2815407808 4043757717 1296580161 3384958589 212590929 2888688656 3285955002 3036181434 4064001162 3953256460 2838030180 2702175273
4284518356 4158087018 759356845 4098937832 636255287 3760169340 443925762 1059375507 1524411240 171110433 1322450360 2555361125
2 1560629939 142103509
585745895 3221026740
1356656610 3034817455
11 893075240 1152332991
2322592854 3491782275 231286306 4076173246 494994168 740463240 2662203087 43161400 3729327987 1605264105 3203222552
1600894830 2913546169 1712967449 1981437912 3620092226 676130207 969578374 1092349773 22893424 2643815657 3224787480
2 1780301571 638833340
4018280760 3700008384
2696348583 1729291208
6 1403291351 1452308097
836442180 3263674620 2754603776 1989775980 2644547335 3982106043
2388997355 447799930 2935097337 70440107 415920487 1540685313
6 1511351506 848167820
1711462730 2245002768 325888035 2030163940 44151201 3524244325
3004321513 3221664296 4084351270 1089789660 2330971780 1764684507
9 115100424 1757527062
3380749895 2210612442 1946512796 959409816 1268804 544586609 37216332 2251161585 2555579961
2020442220 202801883 57944458 1351055247 2015949351 3126703239 816762216 3361539663 3375441265
11 609419084 1157015439
3923724830 4208495630 3510883460 1930601155 3048690751 910621891 772601790 1793236379 2826957100 1044976026 2936563815
764098260 636915610 1948026351 118843117 1572892566 462908866 4267947119 2260592986 3721724891 3410421249 2521630344
3 1495204175 42915225
3591020415 719449740 2792360985
3661416735 1106164698 2166212612
13 1862810566 93076343
3211738378 262483007 4069075365 1933091169 1244344689 1703669365 472639774 839665032 3638074765 2304639547 1982563077 3155023954 2135970840
2182033344 4018976635 2064173125 2605966493 1933092243 694609077 1973762175 3671206513 3361836208 19238005 3083993778 3585379210 1346737647
14 185153868 177238167
2953752086 1085766402 3326889996 3073546908 903814545 3358615830 4195459958 2692348704 4277281135 2704044701 1754406993 2107489693 3742471698 3064733167
2734951625 765490973 1458570423 3446663761 4194792120 1109016108 3359448403 224656230 2119871331 303230105 3273357903 493356060 865028710 3960109920
9 1990890946 961408709
3622197367 3021598738 1070696930 1984197724 2958386534 4276993642 2624165930 2145257952 4248751122
3638011380 1638539580 4122457755 3907640167 286337310 3565514175 368478525 850268340 3982854552
7 34806177 871848049
1977659030 3422705130 3378451565 203049560 187954845 4188339100 1349360271
329306627 3987724731 2948842549 2281527082 2856359070 1650673071 1718397738
5 91244884 249424624
3161269862 2754582985 2829014352 1016320894 427560676
1629216698 4222281670 1136665325 204780396 166608381
13 1862306760 215543489
1044087054 1498400282 1314782226 4172934541 691586265 1469486715 2085529795 343445935 2285253288 2948010944 2857465851 1417969443 2094190173
314309586 3291129012 2812782450 3503130330 3106060208 243594279 3160898534 3210247615 2318008535 4030367367 1224685157 1929290187 3608221821
15 502628460 1623326763
1381946586 379092390 2891464149 516287930 2072674357 4268194185 772389900 1277833240 4262432877 4105012140 916887837 1672388715 3517246281 1708853413 3298475001
3345482664 383775117 346751155 679548865 811318365 2118903831 112102105 4246111648 815862429 62299389 2562773866 1265496032 1972884867 2378237937 2449699950
5 171290994 1259632372
2649183729 3650030889 1593914501 3702591343 4888092
1464180069 57523961 1687890495 2588813279 113806910
10 18796120 226275925
2206364844 3000307779 3333884526 1053152705 1252076185 272017236 3782106 2152737996 795376392 2963092585
26486919 1666679412 3429771805 2535668133 1301716981 665395941 2626262222 2124383792 2536849891 3091886109
10 1910326898 1983635230
83181870 2554058265 1693540890 3188914690 3110862815 3002336151 3905711870 2184466101 3663879225 4240836809
465020130 1497973420 3608574445 2295960469 2562871980 4070945940 830007185 3598380139 234298917 1932452670
7 2143980322 1249142035
1500714311 3202004144 1204843255 2057151462 1136270199 3210354645 607473159
3821980850 112256477 3801965685 1277867523 2612136227 2444209865 984453128
1 786417076 1697415888
2770246321
3331796040
12 1026269018 62199663
505134874 329044622 24069787 3795600183 1573785210 3615426196 1766569119 1228402967 4024688340 2635689330 3327915988 1283624257
1572274490 1052754690 2450932098 630905137 3665137161 1917538764 3682847456 3946468236 3846056216 2243652078 1486310148 2577679335
12 486670244 1849046326
3290616872 97140925 2870865744 1092868249 4038442297 91585799 3931918293 1170220845 2301283736 1289884128 4213113496 3130605174
793019734 1672031048 753268879 2384584701 3872353293 3329538003 1952382544 3725822490 2679114150 4127337546 2517555701 1673881684
14 1733519491 351429582
2740351677 4021850277 4190955027 3607114412 2038808670 2565435948 2223914328 1307771167 17587045 4008572907 3286617702 2013156678 3920919030 970021758
3644522539 4174285842 3346693068 2645428954 2721284143 1500246388 3720173331 4229524666 3743207424 2428447330 2573439813 19375370 695755745 3509933120
10 1429040993 434844497
425090988 778520134 2293349895 3472113710 4188084714 1371133735 2989620255 895017341 2895958156 2935652060
3007797576 2097734217 1064898195 1041503742 94853845 1782165331 3229659162 1896802143 15620567 1812066210
5 7379465 1620083570
3911689710 2998607764 1525824893 1583771103 1542986919
885211734 3561803079 830082579 418182830 754735520
14 2003178820 1325276915
1087792725 3817469910 4204709130 1519201755 2291928031 872551401 55116270 950535979 3626749500 1780031385 2724062851 2350770642 3141119560 2514696141
2519757828 1570217727 3175388300 3699678732 1910291360 2444643134 3244391166 2093025544 2390522883 2126153807 2248531605 938813702 3989330945 347050244
12 592884154 279837392
592519944 3301973891 1204699467 603046090 1921395534 1710042795 837480436 852893677 2115824522 826469400 2598266673 1150414665
756912195 1267263849 3185649769 1174607175 1452276435 125713290 103757919 3013566577 3402415788 2332209369 3476730009 2177995458
15 343691425 1838236386
2764770897 3308668315 1368626325 3327937740 91582360 1686020212 3960465742 3770687199 3670086770 2793048303 3148995096 3727362693 2343171225 416273533 3256252076
248799917 3655535483 4011224996 809219572 2819276100 1212969502 1428591348 120402874 1457852970 2414186113 2773033407 752819625 2572395366 1298808250 2543056365
1 395311137 1827342582
4183505625
3056432760
15 1456922765 892351455
1330967613 2980132264 1231834518 2672731597 2907536556 725917221 1698620755 2665092552 2493127949 912669081 2337998890 220589905 3628605900 1971169155 866685872
3356070533 4200639907 3820867997 2227211719 2043011159 3782484847 3371547624 3111248294 2102599445 4093640864 3064985542 2435997630 4294332915 4284637020 3026698931
10 1505735879 955605299
1756018470 3776372639 49566250 2685206236 2324193576 4163913696 1921453653 214080648 470262081 2078939934
315364928 1885543060 457607553 3733768615 1611669540 3911565680 2515528419 3524121026 2429926939 1148048235
3 123765684 1365663886
1553780097 3562331586 232242650
1868596737 3451663792 3957681205
2 1665550517 458183768
3277799125 1201893762
2704722952 3759775560
10 108034340 1109453859
3681570020 3538685348 2384879904 1413611347 3189906452 1305214812 1282622922 3776843426 2235645200 3027205470
571184753 3523439280 308204762 2382874802 1485957915 457602411 519621553 2332202019 3474044775 2620188558
4 1544606942 1426532452
1345054917 1448426454 1899376719 1124040759
916605830 3521099670 1086846175 1102844719
8 953574116 49693245
2685832831 330782782 2050425749 2283659911 619056516 2342691527 3572576881 2276574978
2256827856 962294634 2236913730 51493549 1598246087 3456686480 2968322400 369034944
14 1419520894 1491814129
116850367 3287300037 4255248786 2483729589 1392923347 810104466 4129972920 3121417170 4157419700 3292491486 2736362722 3300538095 2581523418 928519362
1782337565 3401712172 2663275080 1646217438 1281474114 4001990383 1532381930 1211332963 3326842107 4164107964 2213093385 3227882154 191731831 936092713
3 790829579 696426164
3726408228 999795828 2636719531
1277247690 1689731063 2795473890
3 604413313 776884475
2258744473 1049903320 2042983125
2939442124 3260891900 3572567305
4 1937452764 474048281
942863850 209519107 879849660 50670581
1975920802 325319550 3295429413 339770330
9 2002558904 1643766938
3123338104 1138802613 500973249 2871860455 4164338234 2549068590 2540635170 3071585484 3493855575
2195187288 3373586136 785932485 1043083797 3502953533 324479840 3571471959 261866339 313061190
9 1303627705 1442654435
2283317205 1252657350 1231845861 2585792938 3388103010 3589471461 3960271947 3274920405 3545063560
3785818117 1215153315 1450458845 2737097004 4043447739 1177092130 1469040668 6161888 1218607040
7 1034898840 1074730021
995397701 2847864195 3314014170 2810704045 2692884414 3010393650 22137060
1308415439 2241684100 4046044000 2605565685 2043685802 1687267950 490428
7 1269727794 770016713
269272656 2023949104 3257083795 1527227616 1221310114 3628951587 2951545440
1842064125 742044568 2043045879 1104908376 199571226 3142294599 296929992
11 42006549 1629416021
1673697532 4285358818 2576437335 386474145 3616914135 3271243069 3332715215 2851441690 2851241184 1928060489 1688367144
754762475 3770273304 376798043 3789335208 1145248601 1775319777 3854733681 3635283519 1188573091 3767438883 328838736
5 224173227 993092545
12152816 2373941160 320029839 3050068377 3289700907
3597970122 3680769330 668001423 2247662445 3705345858
7 145739517 1312687833
546846591 1392763374 750164267 3965508735 1909501344 87637230 3411367509
1401903135 1253567278 1225632204 656452935 3154706116 2435711859 1463998326
7 515999154 858797886
2245474111 2532372964 664250104 2089607697 3223325733 3199230342 1551137430
1874350475 1684299159 3208018122 4137330528 2427961800 4167081000 1739746952
12 1054243123 1924063705
616256205 2628218685 2956123909 3644923350 2551638116 1755578844 325085637 2931513017 1473750195 2405008917 1742386695 1505963268
1102271446 3557762060 3794134408 2943912746 2912563760 2154139137 1191239266 3938593764 507074819 2716859394 3181854357 3493786572
11 1341927114 895727398
767340162 1431102815 2331890520 3347606766 793542300 1131069117 3873279429 2956708087 498419919 435779853 3702018162
2448018808 4067854046 2174727227 824181890 4132094715 2545283928 2451880020 2355821952 2283593625 2048240000 2559567265
7 1572491574 1932107430
997216812 183951840 2548646038 1748648316 3313696585 3631070993 192524492
1268895469 1129654326 4257866282 2059745709 2741100699 4263339835 3527452955
1 1441710984 778502181
1269892362
2047168710
6 1905772620 601812529
3608276361 3763503609 4106282064 2251207263 3446485590 3427804554
1418161643 2851080495 858571698 2060542336 2851018413 2203766919
11 1535628292 846217192
2660095890 1107349962 1431559070 894870260 1763315107 3053540505 155449020 1038323595 2523402050 939526479 1857086043
3985475985 1936149756 1757816733 661238545 1939563435 797682156 2466940715 2259409104 1707660680 3721064545 2148811965
10 1490715475 1910745617
4124576355 1735421652 2111582193 3744936386 1866650175 2850417400 2470770933 3461968146 2843861014 3542008677
2733846663 1911382423 914306728 4232009256 575883624 2501347485 3059229135 1860507053 866514984 3783247085
4 1896618756 1371642865
2735440785 926210932 1290475971 1495433868
636192278 1103293590 4166744148 342816791
8 391408043 652551134
741196251 2692009028 1248514912 400906197 2195869096 1432427320 2362494240 1677368212
3413823137 3639554312 2239014600 1861176310 3708436461 3489016476 290826948 4211271405
11 423538278 1647015382
4209179868 1343848549 4217710351 457476141 405272049 2389661355 1566904280 1352987326 1436548882 1869443787 2085754929
4036179698 2951085519 2053257467 1267773386 3686559372 3611526852 4039917585 900354762 4123235475 393759586 3897454341
5 425214597 1903621404
4091713280 1642366050 2976983655 1020964901 199955720
3738509721 3940757870 212620368 2344293216 2798278330
3 527857710 449569407
1121804229 3843346162 3191785575
2119101696 3281922084 4017379596
9 416605792 1096840118
3288197319 1762725788 3395546472 530622064 274436154 1542712963 1799770050 3140519669 3472882425
3319828640 218934414 1797782765 1708077126 824284134 471103134 4278162681 2076328015 3550046010
14 1956322279 1933890777
2954313023 1028093980 2111969446 1692665370 1264961197 2046300905 814844427 3972031737 3555042537 4261361130 3408161414 2083083668 4294832883 990617520
575077718 1997266290 2027887092 4184775417 1969275878 1644211983 455945376 91999337 3805360074 1064868178 2708592955 1390330217 3908754360 3018223040
12 1253867933 501305114
2668769565 265115529 4025688825 1045799500 361235101 2103730064 3519204479 1557467169 2020249214 2180074963 1852959779 3006263456
3518961726 3494749989 2191579740 2274219550 1850496955 1605793499 3309414984 2872938852 3755925638 947949558 3805965792 510963387
13 52417299 509232217
1298339267 616963728 963148305 3401821745 3246348585 7104300 1096704782 1922416145 1331869831 531947831 1176100506 448966247 2466659635
1622620071 1889339950 3356472629 184649521 1583897688 1675157060 3455081868 818788891 3785411556 3558591364 1522686246 3142968567 1921354359
12 1033498812 1166779542
2951039190 3989084428 1966873096 1212904506 563155481 1221991853 2063583750 2069697960 2473627524 3963869467 10081608 3304089305
560166207 1548882843 1584463215 1499226090 3008637666 2044589130 3962399600 1572156591 829679890 2697133543 355584707 1177366072
12 1229958485 234654567
1481027615 1025221458 3275983816 1427160723 2094329598 3632875796 2021803893 26342295 1606540558 3349675485 1377580165 2633346240
1579198229 3078006351 1955598920 3444336604 2034096259 2822342065 4016946753 915051705 3337060191 2846893426 16634213 1357572396
9 2127096647 953057714
3557365960 3394162461 2647375323 2285847404 731423028 3919626267 131200588 4005202920 2769824599
3540358219 2287514336 210289606 4077309852 4019294354 2510138976 1164176620 258955883 3613549949
1 1782583229 331953700
4144550384
3896522170
11 1785932912 795501059
3245224699 2498809517 3696045069 444548240 810038513 97216271 1818226069 3531807047 2125360787 3487166555 1424501084
1390834533 1433144537 3646307106 142762334 962476235 2615448198 1987742881 3066960390 646656295 3176927961 1934068101
11 1690760899 1114795583
2916730113 1354221063 3562808248 3006869046 2830164621 1228200804 3107326774 2991497091 462678066 414539638 2125132374
3093557025 2565053610 1953468377 92917246 4184346512 3394539165 3045930936 803933772 55322475 3150785824 2369901320
10 397141644 380419026
1524835116 2079022071 3598187085 2417041534 2372712015 2104645786 1960409542 4186140997 363092001 3009208301
714739755 98671370 1967237517 1484207989 2399213817 1646620700 4116102281 1117508392 3961759237 3794929890
9 1922100614 148500871
2187006130 385601314 1138562043 2703663204 1851686619 2577630489 3318274552 313235559 184562946
2412666825 4049854880 3294000261 1648549146 1270633401 3346676452 3801213345 589655208 3927610235
12 517347726 49411020
2303805165 2119473699 3891051390 3842511525 849668539 2333058177 3568077305 1886888376 1267379774 4025615219 2941046660 2639865695
2729097417 1368255705 1025568420 2164702531 3897817031 1855636750 910788291 380103850 1365708085 1616125961 3180956031 3584318785
7 1199634863 1686647599
379679874 3785801631 2297872568 2544486806 555395871 3858770818 1531047897
512178785 1896809127 3746753784 2129237019 3483115725 1044042210 1545392230
2 1847236474 332317033
2176401726 2026056885
1982998257 2595503468
7 22635946 337722097
939814485 3130902734 1864071813 2916522051 3361697754 351907245 2903246477
786497240 1232974080 1156409172 2968275327 1335725117 2314230870 2395662531
14 539701782 1944391987
1111222646 2650069496 2511548649 3384434808 1085795163 2876243844 2418619456 4077632467 2515403932 2589721588 65717871 3534153936 3796795415 3618464930
3725471511 1922221218 1182688451 3945440562 2914139235 3405781085 3629615257 3853113765 3694097010 1774816222 3829645977 3175466835 2758478985 608182608
15 1625203474 950264519
2770495451 1571010690 4199360541 664676570 2051632203 3766684552 3235258769 342361679 4111541411 1245163616 4258112641 1917386569 1814544159 1455716700 3726735202
1754988009 1184714145 3313111108 2423098822 1423532098 2261724831 465064580 2233237385 2259400593 3928196636 3264761747 3343511760 413299535 2960697810 1520116368
9 845983354 100470732
3555070899 1652434788 1706524022 3435890412 1079443728 2441176631 1625800680 1240454481 272074078
2489087196 2173347315 1511866994 1446686705 2710417431 3839677840 3669736705 1447025810 2729622220
5 778348278 1376597663
2042930273 937751904 2412368432 298008339 7048889
1923018816 4089168365 2554564339 2150108550 1958851560
10 345438509 1136706116
1904977962 176924670 364202459 3073592292 1119629775 2261306504 3398249545 343176264 1363764975 2625554310
3584719335 2410076987 833454846 924328556 1015906413 258349602 3473357281 1213758501 2901168928 4110345309
14 1362781335 1352785284
440932887 2691828043 50469192 2834192007 1548069639 3250912172 3820126287 2272781295 573833228 4047502607 2314192980 4009606956 1801900662 3146280406
81344617 200436036 4050840737 3405590800 631217004 3520288278 3778636665 762140496 3075791712 192934288 2514410331 2808993672 4222135433 810063440
3 1378172658 189229658
1186792242 1156737422 323436096
3281098107 522467766 277212564
1 1324734599 1851420138
1552761360
980161218
9 1608382703 1711407726
3306298251 1914667730 2733289995 2917125365 3535554723 3836466708 2739830156 3912720705 3021274085
2620279564 3203976270 3452590221 2724140505 2828082328 1819328925 1478659527 1464745355 3645832680
12 1993436070 787634837
1774896459 1438625415 1120770070 2168782575 580678443 2927308700 2298359364 282375705 1960606602 4153136331 1307854940 3363387854
1139956335 2847549465 1304682379 3551798087 2890277583 1012832426 3396133856 1990793274 816302383 115213263 1170909590 590669117
7 1972519678 1433152601
1321749082 1785290187 1937436003 3215595879 740055470 3077676064 4173617675
322723476 1060147950 1405947499 4146511768 3111225648 3752852222 1237038808
8 1124921420 108260946
420737325 3994044219 1065233518 3556251705 3381755975 250422131 1701189048 3219504714
4220250398 2435872975 2645147573 2186482287 2537307066 1351361760 3095608427 292101445
13 231834525 907509211
2296638152 1234190833 2191802298 2831327491 3461090781 50251923 2845037358 1459373987 3533185827 2217837861 1592202949 716131749 2868928362
3172577360 830649796 365753965 374999031 2796604773 1389152838 3836213938 3181404273 895065193 3417058329 3583305172 1342115166 4103268475
10 1003600858 1183040062
3914908755 2963101008 1949386635 416186154 2218629054 1150724549 1865779920 600817375 3025273815 1381080443
2823948928 397276689 1257645694 212217155 3470512782 3451692392 2607188180 821345362 3585252510 222097775
7 1156042543 1322448986
402184099 2053771974 2417754399 645997215 556791603 2364000263 272862834
2855663725 2240765347 3841030443 47490777 2946345471 1655400390 2423886818
0 0 0
