9 1247105925 668869949
2292418683 3772351065 2167468816 4171528890 570540427 3678374946 2430968607 3068036166 3777895375
1250246075 1522563900 3666839105 2435905007 690557695 2549835306 3567704198 3717613264 3718728648
1 869691679 1134330665
487500421
4044258615
8 464806616 1606754167
4250681107 3890196910 3994917271 2897677298 3737510053 995159970 4098597645 2048577436
1678677555 1294369377 1353672294 2041465969 72211636 1584180172 2353529387 3709726155
3 294079488 1234066263
3389703983 4137203585 3592961534
3283773940 1716320228 2118960530
9 446838080 257280195
4025174374 4095964649 2923631799 2523346935 2143829230 881104968 2113057920 3439944405 795142422
653082113 740731032 2757638198 53897958 1037866154 2069539629 342766040 2390952285 2812560590
11 1222381815 1742580697
2845638099 228802617 3819516225 3585899962 3974325425 1965412619 1737905970 370143381 3769273653 2012666069 292700475
2594944107 2078690007 4037601339 3274135310 189859635 4136969579 75079956 1531514568 4256169165 2944856475 968465775
9 1069549169 1474741187
804156440 1512115105 220770802 2914305747 678757149 2677556557 4087456959 4070535382 1592014500
2291081901 2994451536 1483965540 3490967487 3804043905 1706633622 142560090 3653851014 1627281303
8 332505756 671774792
1619913132 1680175329 983202675 3321964475 1313230611 932700312 2743785210 1215593631
1822540190 2281143558 4242775493 4271106335 2952894880 1563936570 573112355 2038287570
15 1666184637 378420373
4015885194 3415989180 1820848196 4261704230 453814135 2265656902 2586409566 1901549316 3608286153 2492709774 1360789821 2124610438 3585370771 3898487413 1896492910
3874344075 4232744238 144226230 2666683231 777196767 4037038322 2350682629 1447377057 2805987401 2235807228 3791895642 505923551 122230146 1265566680 1411485199
7 1098586326 23451017
2497152035 2002195503 3491802861 141865452 2255646954 4051491425 912805533
255104150 2844556380 427701069 1457492625 2183935289 3575573291 3510004824
5 1586091821 730708530
1586039870 2434312681 3212094645 2132570652 3640751667
928514146 2538514048 3121768791 3937636240 1285906171
4 872475736 681336430
3607273061 3119885180 2499755463 3723884740
1495840744 523177495 2321779977 3943142850
11 1509423804 661535011
3859933638 1228824694 3509140557 419463245 1156216319 2807239585 754768122 2965842939 1686880094 2304368590 3272495621
4172894175 568052637 1343769097 3661917802 2863352422 4204754604 1610594848 776255517 1374302654 2385042597 2943862785
14 651330819 1192909368
1303845150 817547345 929316531 3792283111 397770578 1510058500 1199695899 3510990663 415433684 86133046 3863749278 2405353235 1530488506 3292187655
1601784036 1379491120 888347873 3709933470 4172756724 1176427704 2757522429 2460927447 3840562735 3380656323 191835176 945600079 3746810915 324773891
8 1236716909 6853444
4289760125 3223431945 516918471 1407424237 2416478019 3795503355 1306421490 473298981
1393755642 2518657828 2309762061 2008809860 2507147061 361287630 4088960203 478898732
5 728465417 513975166
1231548298 2927906775 2762773506 3046901309 4124650470
4055417035 321963335 917636732 2546146920 3877065420
12 328529540 415505537
2531647770 3188454925 2145800712 1053929166 250415610 147540982 2852892440 1792230423 3593721962 4001987110 1149495341 468456631
3648310140 108149169 3958052359 2358851659 1322231430 893099352 2409978100 816583629 2772068364 3026247569 1825650126 2834351482
15 46320668 1122370056
3152351299 1851564204 1154828543 3492063053 2199121712 3435557846 1786267219 4267545885 1329255562 2551834800 2475133734 3665618087 4247674336 2882926416 2119267439
490372430 2654834520 1091560130 1253157488 812066763 3604354449 2722590248 979493711 4251608746 579868860 2170180773 783448520 1598657725 3752690385 1969549021
9 263420948 1352059763
2691187856 1423951200 483970258 1043009093 141111165 933085738 701702133 447501148 246812283
1983953384 595457541 106843515 2071355159 2441093633 2477918335 4047008013 1537446925 1261353993
2 1309498432 1327715362
1361015530 2282261216
3083689689 944809984
10 1628246545 555551288
804520335 3327070442 3916478520 2423789688 2699824127 2925489864 55404150 4053743142 1577391049 642131888
14428255 2737212525 1187546670 194953058 4142301876 1292920930 3343500651 2320881621 1726530441 2944010860
5 104098693 1535027787
4210611441 3061479935 2857337262 3973210881 4242312148
2389233963 177343509 1444644411 3668818921 1758458265
2 300534023 193770011
2041115397 2042312915
4157192739 1213565585
9 1703777294 838014354
1507876285 2949565467 3215928673 1296438992 1576696209 3379269420 1831674347 687383542 117190353
2190350352 1283181801 3345332644 663964891 1312007457 4555026 2830774081 3659563860 842521900
13 2119557177 938720597
2967481915 1352945571 1844353012 3484529489 4112628675 2027867247 3926992947 3717717178 710984876 1968185163 1075271424 2444263548 1414173426
2756365735 1497975738 227225610 3372347950 1860762365 1579502815 1603848867 2509580543 3792305870 4075592160 2939831325 3926184440 632865142
3 2091837961 1065808684
2603059755 629118609 1579879917
1902091857 2750674255 4258631849
5 1266594702 1799230644
3349103286 3924910392 3371682779 1753759029 30479757
2847412618 1837349570 1954200914 2432853196 1335952144
9 1836590992 1802327407
1124276688 62736572 1605780077 1873350885 3788628750 2061349677 2491144575 1992861926 1591547192
4191725130 347341179 1902147336 1825001223 307756932 1023351315 4292820675 551104296 4160643079
14 34411692 684189595
3553214960 331884048 2282858112 244344973 3858796561 2768369850 977402163 3302970420 2996967505 860143078 119342625 2748767009 3881269230 2322593556
2573950898 3737280470 1957717839 3056273430 2662204625 4072758418 649571610 835347885 1909766734 735535455 1674472341 1391421777 2583083913 2477236398
7 533571195 1986831334
2247832443 462190845 645386270 1164613747 1896553494 950683089 703117733
715700058 915530598 3435990776 520322094 4178162264 2957019407 2787038160
7 960866935 213534299
2787262271 2428859790 1385624976 1474482091 747323245 1894242725 286497536
2705979066 1704696210 3887757963 156148359 3984625010 2967950627 4040433222
14 749324904 1059538714
2378973132 3139063466 416228842 511737949 3335264481 76986552 614191095 561874578 2317318395 3846275625 2175383495 3673549971 1724048572 2823761185
4120338760 1870551452 2093904731 2700185211 2536392342 1106892430 369408202 3257647014 3259829203 706527393 4007499894 1478839993 1676263040 694569006
6 1226349607 1857267784
3194867910 3791975166 318956115 2618974060 3036178818 2239743121
1285126368 3270111636 2471496885 1673516285 3424642847 99617606
8 1173311766 1655987602
4027001034 835245105 1571145936 2724374659 3057450751 1276020935 3456828870 1296561166
4152759609 1635362420 661962698 3998777485 3699667153 843671416 1848911535 3589420950
2 402382506 416757133
2233660107 1984663515
1902726570 3010038270
10 1316565879 1998696506
1218232061 3054250635 900676820 3410075120 1071295142 3637429023 1239735067 1667730375 1261813749 1260984324
81708783 3463292800 3245605899 1350030045 2702103445 193825194 467864113 988035390 2849967494 3932484468
7 92166880 713025867
1961866788 600816045 2091296565 3625219347 1307734809 162944830 3324447543
2939664585 2067742813 3756723617 707897165 3455349897 952987503 2699504355
5 1792976701 1068862197
480581572 392550783 1661186110 1794858223 1694943984
668760017 2403121475 572404892 822610401 784148274
14 1044785442 1882609016
343086305 29361137 2365092063 3268897515 3849222711 3919349608 1865012684 2235891366 3600152685 411539535 2211186919 2974165011 218210639 2925319914
1517207429 3705285735 576312514 7766297 2471855556 1760653590 2405837877 2212022205 3225708129 768167665 1630512534 3346543379 485465475 3068370597
4 937812342 1429529855
1352898957 3976536835 3386849946 3154805450
1685730150 4284619575 711291795 4201812579
7 22519378 526047368
1269963750 3735549328 3399129003 2425791444 2689826396 1152168738 4184852580
4286093570 1090134801 4285661857 4162142538 4211330172 926723703 2625640320
6 2088964091 9315828
1524650890 4230012950 2068937244 2012702825 2552587593 688390183
4134126265 705459471 2486487060 1391977046 458753466 1580525915
8 715786873 26567211
4195190146 2778022060 3193195799 1536800701 3645037280 363004545 637431150 4126839969
3656233441 2580537916 3585903332 1654072389 3677839054 3744902970 3545267296 829186180
10 1510151718 10683727
2389891813 4016458632 1456780263 1770727560 3736171235 1959751013 1385242100 2955219599 3782653860 4099559024
3402956966 1506116629 968749635 1072891380 1592074720 3622520791 18756916 4171707815 4262710455 3766443515
13 84038067 1531019184
1298050365 351532122 3665332395 1535668609 197457468 1049415302 804520878 1253564685 3511434798 2370871281 3021205965 3527144114 3054014236
1506815370 345065274 2017398129 4085614797 4242348165 29156869 526562402 4591653 3678316270 3360993989 4187371922 577740450 2189685689
7 91114791 210435220
533126125 390546755 4281839355 3177209391 3598186829 2599676271 159504975
1998592770 4074487622 2443004159 4005009702 2010088400 565268076 3960749408
10 650023554 696542983
1539977694 2486072078 3170252480 810472522 345077543 2243658985 2465640951 375565054 4152634302 2614387830
442230282 195732261 3617458934 1086355385 315131808 1621566573 929995747 2262496565 666984820 3660135279
1 696942523 1137156517
1073292000
2975421398
6 1011563698 1870505828
3899061900 1577287300 595741428 1624248920 572953372 2815610655
2824342617 2896617840 2799702927 2769072319 1679317501 3287431491
3 1908936436 88976866
1665486795 2085062070 2514665497
1569859662 683428933 284102890
14 23980985 1468956100
3806797074 902061390 3838628749 696333340 2064486666 3511794890 2136117513 412495290 2007378802 2361482216 3824645643 390568323 2450865645 3447262866
1098122910 333120738 1935715553 3752034759 4112411928 704751977 713878212 3025896948 749273392 4274120580 4011380490 912829677 909393987 2606544063
8 2014749033 364834929
1211088504 657705975 2051238660 3094664451 709667063 39376922 1081243690 2999911098
2941488481 1151468131 3678765984 821440770 4151097840 4255237410 3694307900 2009088708
9 947229113 783410174
2459824355 1989887202 4275850182 2674818208 1654340336 3697617858 3500153505 3610964040 4060539593
1812062720 807499779 2998417326 67926925 234048930 509278469 94881431 1720531677 2299041886
5 1413509935 1397357625
3475137969 3056067493 1233512811 2909441990 4081737720
211124693 3832859614 43331407 2539946241 1764731998
5 1228571462 545279123
3236164845 2829793656 2612144350 50057021 3239536182
3948197922 477563154 2691636837 1265320971 3615056379
12 1308869432 1493530597
20218407 298606870 2871164748 1494792854 1797445970 885020787 1687713644 3006673539 1098181323 2436101930 4174293048 3928741236
2190842570 2519519037 1826194611 1731022551 2627339595 4293615585 1783674195 2886745410 2322442106 3949884710 1872335240 4251719476
7 1682061231 928363503
1243109169 3195774885 4207908530 2190035400 3611502868 3592716808 2400922167
1101964711 118315540 3526969419 1126171107 341174660 3967532731 3413116709
5 1778236686 294049497
4074520775 500600335 1051696036 2548120866 600553563
1116912451 962813500 3064512900 2931349890 1478336630
9 2010381482 121332917
955082238 4171635116 174305829 2895364020 183207336 2650361200 1156108715 4052985755 4100850096
4110635875 4093310340 712307268 2843039133 1478503455 2554342850 94874175 942152563 908045500
6 1838901218 1975590143
1343687653 2890051838 2915249479 1210081906 717277457 4231625118
1724430628 2944305231 3299817141 4233227928 3721886683 2925379365
7 1149650681 1268606702
100365666 3721521054 429795185 3474263613 3741226388 3509018690 4005310800
1819403780 49555860 3702876183 2202501945 697488357 1539313977 4005851643
5 1697801194 1329433063
3273978525 2478507121 1558384629 2085729441 1351398992
906770458 798384427 2517295522 4173228543 1949652984
3 1914394676 1631303372
1437186135 1178394900 2237161305
1391762997 3085946802 146834397
13 957847383 1003531363
2109743553 390433040 4015610927 1572835340 1355327565 316588887 748203255 1272965805 3895665939 1079447985 736140040 4037131395 2794229225
3866017196 803150370 1108585665 466080177 1819659018 2224769136 2893894514 3477152127 2412902267 3708547554 3510765390 258815570 1782467940
5 1874304884 4550739
2951767014 625365094 4031586242 657672882 2905444198
2152362366 3583087580 4236790186 3168429608 1925725833
2 1459219389 837005377
4039239838 650454136
575281115 3546629178
3 1742642819 1215864341
611374045 772990741 2664711525
4023152090 555472254 2859082010
12 749211869 1307243116
2234192190 2231485365 634492161 2028895645 925600167 1199302185 303283604 3812093780 3116322130 3815643149 1090999260 2433672609
3726977494 66262065 839559165 787471688 886843646 857795335 4079599902 3829847547 1628615553 8054346 3539802010 551581783
4 740581221 133346529
323415495 2683566945 2228891736 1164097355
2752836265 3007347465 3918015355 2590252635
2 865766591 1737369706
4069746304 2596588710
3466920957 1427384625
4 1903339206 505612724
611743838 2034768375 3558196954 3087344475
3485152038 848546086 3882106570 1122439920
8 1916369968 470297664
1921785969 1077801925 1980667695 2287195416 1224734755 3579871485 1251346272 1786730311
2820420054 4022520900 2464313085 265507068 2978237055 2334177041 5125023 1158033308
4 1872911519 208585301
3289179327 1776174190 4245423192 489624415
1530348813 3136211015 4195808811 1259843167
11 1031453685 1154068405
2016401599 2673017892 4249898685 2860634672 3444295480 4169227905 4283214724 62302415 1127714460 4033163020 3167014510
2952962724 1410878526 296976043 4035680115 3344919806 3890241232 2706528290 615350514 3600532115 2401678922 2567608884
14 1992626421 64765976
1999395297 2514822150 1782587845 1353468645 1203040641 2010634965 4051798585 2502331189 4257499590 2709893394 3910625751 3903762374 383123647 1765688985
3940410039 2400730401 2349548165 3678704995 3451796994 1133495810 3900998092 1813146945 1654999605 1260973798 802213425 738543177 694950293 941224114
12 1317492253 388395148
2981720307 315601011 871746218 2359864412 1190529685 4010414100 554552025 3849386808 3555024651 3161650866 2486939163 3216879980
4280695929 3642588006 2916675255 4245064730 2340128522 1070367903 4222203375 1389241960 427216700 1195894404 2030360937 1306058566
10 108086896 1992762551
2282895662 411708432 829189987 4129362534 2972233259 3831267402 3446489746 3795548743 2978506179 2930977207
1995282945 3333002064 2409085400 3449883165 3272882662 2594613539 412573170 1809220406 3297160635 711403533
8 1845304390 72035950
209269671 1125167970 4005740721 3521510700 3569125195 1915149009 450947695 744995880
1737278366 2434409625 3590850108 3007625802 1816104628 2353617300 1008689851 2792507490
14 620095687 210055712
3041540803 483947950 4271741330 1129651572 3353148995 3874320765 3733076595 460415730 4272731475 1383486946 461632113 1194880360 3197056250 3148017561
1947861529 1597472141 314694216 1966447008 1576111055 4138314695 1810166256 2810538770 2251574672 2854984635 4033428659 613193168 3996641053 609745457
12 1085718994 510566793
4059689454 1953003429 3603957092 1880981122 12853478 1320799990 1713669699 4281542760 1222704795 1081006203 1472826104 4020157836
2211399072 1583166425 4047889043 4210063296 823519383 1501576673 1263825795 425125267 2601901800 1086326100 2548229436 1432469003
15 806354108 1771663780
1872490429 3731992139 575395890 3017425098 1823313560 2529441042 2327232374 1679347440 1722324930 1549922995 950351825 2118599983 3525700790 991619689 3637504245
305862639 1489031990 2014302076 3029101156 2011579438 2846622256 1101132725 2860941435 422417130 3127627863 2368485954 1020908220 2583988520 2499758028 1192340591
2 632013929 803969835
3633980350 2405705994
280713988 4259281272
2 838649183 1241626614
953303142 1581502972
2734083105 1555314683
5 1250203240 1185835626
3347306900 341865515 3846247148 2072388285 3327021057
3417713065 2986289100 241511361 3329396238 3046857478
4 1277654070 842951331
2353124939 1028538907 3371011723 1933280540
4121678448 341662719 4082658537 3966486768
11 655571759 1603427597
2990240659 1046096291 2890548280 4237173447 439829967 3771892149 3662122230 884728798 3487943641 1327081585 570940429
212253190 3373382093 938359095 443007190 2127262677 2804812650 1756097043 2758986115 2891111670 824989630 679243885
12 1201527171 1278413450
1349182961 3196287105 1116021811 2948582949 2925711870 46710400 3518513115 1645895175 836542766 1582718986 2874259741 1958438998
33113977 2245180310 4120435520 3291953884 2492842594 162371685 1059988030 3775444873 3723916 1699341659 968275305 400285892
14 604191424 1342563346
2954679256 2602690140 1176475377 2316903360 1055783080 2474722134 2323654398 2220421092 4195561801 1590719464 1004562781 3829003373 3341524035 1502490906
2651957538 1319906514 3961392066 765009070 227760228 3053812146 512715514 1699242354 150751431 247849026 661858100 2167754433 3228132697 2189239674
11 1579051999 524020761
916313704 823540965 1530290067 3898840940 447166122 2793222265 668059899 3621814503 844678380 2411186670 1469935824
4226115128 3833400939 3749826549 3136219018 3174067062 3713290605 2710000981 294324 321338624 2144863557 2095477736
5 1340087784 46879146
1489109481 1735010929 3666167707 2703363693 2135808888
4279971690 1417842835 1864791720 388866864 2121711613
1 1212879407 949399319
2867167560
726625395
4 364479303 1180267471
3215488461 3752399955 4235908119 10142730
3608146645 892359408 780565388 2699836809
11 1638572685 160810861
3877594003 3511049953 3322441905 2772675285 2139228938 2391807206 327239070 3570966147 709112401 2332871470 3134039275
2707369635 3909710075 3221883300 1115782812 1633030620 3148220411 3478713350 280054410 3296091075 1626503805 3381797225
7 744818388 480451947
3036157244 1863220383 3764394575 589566650 1993196002 3401590126 32650689
3344018325 3087181274 1586889150 1954906379 2822266649 3027119822 2288621206
12 1326731816 1058907905
19976910 2872242127 1597883103 3726227859 4009842261 680286174 2275550694 1280253110 4174220289 3771135948 3533203185 3642476724
2128365632 2396461089 2244264595 787392042 408964860 784827545 312371351 3832119277 813458125 1428673361 4287284935 2841491819
9 1803220287 1434120339
4065737890 2899924830 3341868740 3127410865 1083971895 2001014361 333940935 3228194820 1707758343
3192760467 1203537588 132706493 2490690432 2439099881 1527992067 1135219601 1660373868 92358053
6 1673740696 671568813
4077518994 199943430 1569985530 568849216 1822873524 3778406345
2738166328 3681986916 3489933886 1630064580 1700656215 2051237465
5 369702946 927205845
2023760886 705433736 2853882132 1549810860 2897290873
3357571380 1522043567 1735013467 4094640810 4076036217
8 859815853 507563902
3859450770 1361248905 102974906 487319616 2475366925 342994305 1792525686 4143330695
3798080153 2234649705 2844487905 2056117285 2500434248 1209386080 985657656 2193988295
3 1581677937 1708487787
1204082655 3816239155 3620298727
3133191180 3530099013 2515630630
0 0 0
