11 117204929 620720598
2944766885 924295565 3018414217 2775923523 3627209944 4219337805 153000258 95774128 1003707073 2624646849 2338722380
4274508279 2156228396 2008221390 2168184188 107234613 2807258586 1248571539 3183883920 2925038547 2470111309 2367494186
5 1411677038 656628804
2334966346 4041373265 3447994440 2486480154 2006180387
3286920010 3997167300 1254759039 3082702798 509310835
5 108095340 134680859
2445793449 508660470 3897039375 4141635720 3249488291
220241112 1308324350 3945818730 4273416515 3254487690
9 1874089389 677693568
1844094552 3248424010 1584560780 2156548283 2258802687 21832815 582406737 515748665 3510423444
3958061165 202262260 2398381522 3160518023 3179113120 3935387625 3290997929 4218264441 1156854325
10 731480044 1788687274
112493325 284371254 1048524128 3275395455 887523347 100201215 681529140 3382953234 670760697 1825279781
2591602857 896407483 1463567463 2397839961 4235032163 4238056080 3373101592 1673668320 3871978326 2350434568
7 72392233 1220499023
3112494650 450762238 683947320 3029581450 1097788055 2023407615 917776365
2385577231 1078695109 218353977 2333045020 1839555527 2716786437 3573398415
2 1621865573 684737234
2937259575 3400410555
1549332933 1606480895
13 582567729 837857824
3695796688 1640856308 3253423482 2300221542 4111379290 2233054875 4023629515 4160788947 944472828 2585743869 4228249749 1957079833 2605923762
1711277073 4101729856 985139869 1488482670 655596685 1043436866 4192661855 2131472895 2745698145 2854745670 1037357972 2782579044 3940225416
12 1598626551 948518234
1281917025 2047853970 3387969954 68303945 3386230743 3016262082 1594429628 2955283572 4027158738 3902816595 124604802 1196305317
929852327 2021091091 3593315505 2339289624 2353280532 2517187347 1271467345 1945373322 370584258 2596793581 4198835160 2722672153
3 749940957 676123250
1208009639 3923962101 2879894580
2824202125 2000123781 1438600260
11 1491672930 822822626
7795548 1427446650 3456277018 594010053 3484584123 1855186463 2751226627 1186593619 3885785188 882358565 4252375950
4079234964 1171755687 3162652601 244555475 2326055655 2719073215 1394134639 2330029458 2499160193 2151872550 321213795
15 17733543 1694897109
1815060150 3963099320 1972272063 156720529 3006442770 1880347278 3172933774 1649098494 1952163176 2014766151 1167525206 1529655133 134982015 166285869 3847748580
224856574 1825533491 492735879 1244100093 11695546 2775707885 3195616673 2313588459 2496968085 1008153433 4247995493 517100736 3328804326 3950630790 3253294743
4 475707364 132032161
4261413086 2390737416 2149681379 3342402122
1423863999 4115012455 2568569745 2113761300
12 329724665 1174618589
980046294 2930284983 731068815 3962844423 2483592831 3626528520 4192900350 189897563 3789110807 671304420 4160480154 2637047947
3486790433 2139217641 3000418315 3352681350 3210169113 1427037092 909555645 1844666823 931931942 4289205519 2187918068 3300753268
1 199670914 1499578178
1846101932
695665630
7 1012068346 1762190176
2217958758 3839291656 3616529204 1372055755 1348093086 2747332274 676898651
643674437 1779724020 3258651322 2714975493 199438938 3378855015 700951325
8 714454754 1259963295
518878929 2452742555 18958586 3201450927 3953456453 1491457770 448263225 1209802268
1405996859 530535909 2025918690 139259547 507036306 2433488646 2984829998 1238745435
8 84196884 52772856
4133462460 2143780635 1406534327 618933612 490794282 1037035719 2029967275 388149411
3247445766 363789115 2171374890 1053020514 3981608252 3488707095 2861003384 2986798455
14 676141631 1576399134
513942689 664679529 208552617 502673451 2821463548 67654764 498491134 4111281734 3320423928 1848906107 1307309998 3088631760 709158738 2122901931
881549775 3853699324 4294268215 3167731572 1290421001 3557843424 3741687758 2154280763 769860198 47550716 354306053 750763068 915484228 2605704306
8 1835352692 317572130
950781573 2789230767 2053080885 3046363590 4159992909 4235662762 2688294885 1931807193
4200979051 4277349637 2884730418 1584045588 1654623725 1599198342 2263335144 2032424145
9 1439007762 442606614
1747084167 2425970385 2179135440 1029250528 961324470 567366060 3364839906 2690473380 2544200476
32696729 2637230347 2007666528 973560841 4169007395 4172375492 1005085122 269564967 1123902912
12 482416237 1218911028
2221419783 807262095 712589295 1360488223 3694435677 3798803782 2177028456 218887593 2421604860 1434735918 2934855928 3764012195
3309674118 3973997385 1794316281 3822826126 2392870168 215562275 371776869 626102156 3567770281 2028387866 3826005720 3582846303
14 1410218562 1913826436
2973315742 2630762490 1982836239 2228053060 2784703329 2158437461 3570900 612419520 50566769 1423795772 1841065266 3902799018 1957065936 1713127481
232197705 3000362217 278802283 124441038 1231635000 500355210 706378806 3311511612 4090479261 1922878320 1456333773 2255687125 1374108627 583799431
5 1609921751 1808383698
128534478 2493669961 2858032290 3640475959 2662262545
3152122659 1423730922 442522440 1845427515 2348319340
9 1239509122 1838420748
2281146901 1106996410 1324576299 902895921 1353456316 2744484105 2601750870 459946166 656215095
3422958217 3777952568 1996578855 534823052 3808285974 3346202528 2159254613 118599696 2460841956
8 1334541994 1328067084
1162889335 4044702435 962593355 1043109390 4180858806 2953392500 3121431990 2859518943
4121197379 2746375157 1223408277 60199202 2212295952 378812037 807177629 2735888867
10 570674636 666622944
700234211 3257327477 2215167863 2087870518 4097991939 3068218835 2524391556 1430485374 1870315401 2129959131
1051417650 1381996093 3222479565 464828610 2634049338 2321949912 3329510685 3019744449 2218524624 2201796885
11 948224436 331934659
2982753899 451961336 2787269160 2216887170 3130664390 1414166280 3102468018 3825503815 760424331 3078055921 1178554137
2617773551 965384658 1113299415 1202723605 643047810 1230148211 592364751 358404030 4067254222 2834874970 2176894645
6 1498924150 287509287
432986943 1332630336 2520805851 2268768708 4277172315 3200678345
1051064778 1082183730 1072835103 1893313007 435645350 746268543
10 1324251187 169165595
3201923795 4065304078 3150493314 3743620606 2329762860 653762251 186251591 3131210745 2461875180 3665926848
155225490 2868207535 1745976838 2379657384 1286941737 1664243755 3034576449 3460392421 794806929 2855885610
6 1722887975 56166518
4007806845 1777288210 1303696845 1188137370 3578749963 1264328760
393203074 3020397032 398427963 3916639301 2275762782 2774728373
5 679512439 247510721
1007796471 564929862 1484508925 1538287431 2928973473
1250569875 3729033533 2228013378 2696363799 1230246540
8 1101013305 11497777
2564213239 3583833234 1620128385 1526757333 4059929790 3442376145 1755037782 398915032
760223531 1975260897 3071655470 1153619560 1376819415 897427506 1232477892 2862304008
12 1636109532 1712271330
109195770 2088372723 478175110 1408037754 1909321338 499600659 3057829083 4036715025 3700045390 1274731775 2751458772 1425910011
1156627413 4127390322 2417365161 4137981203 1516655518 180944202 768802230 497596813 2680809825 3061104103 753038715 2593454059
3 1170272615 116584273
373795863 1686574556 4282997970
3788975865 670914935 3288312815
1 842394530 1912647880
1498409905
1344647270
9 682873608 904103282
2238942048 1345491080 91369501 293119678 3671510655 1240750524 3743558577 113482956 2025468023
1625974275 194318040 901758562 3108327528 2559121830 2743751935 2683745155 4245842289 1455220284
2 282360176 1836085003
2238635948 726558225
1009706481 2622387990
3 1530941690 1535392317
1611934775 626754276 3298232393
2189067645 861627819 1095516023
14 1829155729 1391913692
1675298508 173053953 561457692 1295008248 3848433712 3822099587 2986266063 3190458680 1407316320 1203031603 425904858 766456165 1879441380 2477725684
2909118554 1768557607 3630918530 1014144127 217025107 3707646768 721082581 797404178 4168681245 1160056498 1659994904 1981884540 2976858270 2143316901
8 141271912 1387578243
1345603404 1232873120 3498083135 2497937378 1537009386 1561314812 886357868 2565384390
1192329945 3983717602 3316120047 137520105 3888663417 2412137708 3316147660 1658782695
4 1047660893 818190092
3431113626 1458509848 1909355000 45989685
4190990123 2743596528 118227528 2402878725
3 1453059727 390781199
3637367820 959735309 394682285
2289387535 1699765897 916088828
11 1652080207 1695950180
3502002222 1160091265 1527074988 1739592521 3969295330 1667967206 3170622741 1591341010 223498602 688742925 2926553943
2364661735 2049597438 2790465270 2702172441 1654603226 587484453 47302626 132016781 155425684 3005643353 2761570835
10 424235864 486441402
1177799827 1399330594 646639998 173165732 1831202871 835445626 3767095881 2331860980 4085495730 1754787990
2941487106 500742244 1292246844 1193417374 3634480775 1759423884 1674139620 2473138634 321613019 881999508
6 1672780834 1719037355
2075956998 2090734374 2765662258 1229064715 1299102870 1101797345
3122789475 3326200654 1805102538 2567593185 3075200406 2172294280
2 1220165886 1006683993
3668247694 499669032
2313077320 3968473170
3 1674506704 660963387
3831694116 2587537350 1848712172
3984845328 1354215993 2048759241
2 505511560 687464582
1591887168 3921441363
268058730 2675080535
6 153840710 30485176
3129322949 3393072925 4293274002 2948882608 2604867546 3239613577
2025949317 102649199 337338530 4243202464 3964138438 4148870521
1 2141579071 1693505771
2446799358
3241242697
11 947311126 14319018
1009780030 1044441588 1189992291 4063225614 2409434988 2192161013 2168067936 460918417 4095597648 30946985 959768645
1875354819 1068448713 1199277529 524268240 1563379170 1226222592 1214321113 3857333530 730871937 4079916446 3547167608
6 845253536 571837841
1410783045 3228462205 681298392 4161475362 459902031 3196076286
493630587 3266992445 2045714679 2600489790 2609538882 770572650
14 18717063 1045048573
1758361932 1742162232 3830927190 2777012324 293957380 3389697879 4213321428 4040293494 2881623883 16944664 1443266626 1254907005 4037620730 1955643813
2503107067 1682824044 4200812600 1610047338 1998065932 2870298240 523520478 810408097 912305237 3594429120 3677672832 69015750 3586912846 1223177925
2 879114373 587758845
333183375 4260572400
2358975540 3776800605
8 28332045 1582777522
472548753 3809919474 1430226126 3608570574 521238306 218916131 368693868 2931689763
4230363357 1997897383 1305218631 743604014 2096201535 1043318205 3144757450 4236367350
2 733742153 1153247591
681564225 1499428241
1606181049 660913010
12 1361247448 1342550239
782232992 3856384707 1263752851 1117135695 1820959488 780671735 3417425360 2981353084 2794012275 3062398711 891704426 2970257006
1664669675 3165040086 2437363656 1200841325 1780762579 2411623546 4158978927 3460213470 2152972908 2446582674 2160518447 4290106757
8 1122674275 995200577
723037840 2670062893 3165807438 3852919749 3510976845 4249659729 3628065305 225995546
142425231 149054298 252167187 1117432797 3175173297 3428477665 895843807 442534725
13 819092776 1122092156
986157375 730867859 4170182505 1882670223 2543705875 2606012358 3702958980 3471130764 1124265313 761927170 1095678953 3867017605 2212510857
2152623831 535926415 893717405 2907395085 3341771635 1889877954 3893044005 2368134770 4050814503 2654229191 3367166924 569746809 416870000
14 1847452545 1816338683
2157356781 4214490639 199202443 4185109641 321001980 3878024829 1681166994 655690836 3829585365 4032206922 3724038861 3581860640 399535053 45422298
2143289030 1701080640 480993435 3907915205 2325068467 2292891738 1221647106 808297917 1946642375 244381481 629758100 4010938062 3742336571 1061532102
10 874607781 7394746
666229854 3836752415 675434341 3037365343 1713012770 243502170 3287011944 1298908970 2431263597 1960548035
529073752 2508487445 1077901141 1089882382 647310780 1799948995 3649047651 1324653789 3648543165 4189835287
8 1752841565 827496603
1061007783 4287632774 102603430 431180847 2247388791 194514485 953254062 1294256342
2521596979 2707939314 1457180433 4246627930 1597360716 478281675 2730770883 1459424694
15 1736601954 618777695
79995802 1298651607 2561414948 655083642 1855714258 3392567866 1278303174 2960860191 3769654112 846762348 1480696101 907919680 4212202671 4137253550 2548358740
2570151060 1647133173 2070966909 1179976692 341438785 3210129813 4086598690 1695756862 986643028 1279511436 4104743058 1205632227 483947886 673184396 263397219
1 815920294 1489278357
2425713023
3209713965
1 98346314 1491558049
1634778945
3489279379
1 1183681665 1996704688
2003721349
3550706550
11 1294941914 1489453094
2432136074 131955625 1819854199 864616940 2352007970 3170917740 928401112 2328438129 2566079533 4007916996 2957077683
4008669849 641224950 842866608 976696359 1548390361 448654845 647668896 1703844520 1259085068 2544571649 3053095172
14 376486475 1121344457
1487904690 3374926078 2105670066 2551117411 1441986959 1399284873 463827414 2401534138 3904696881 3764907816 3955751637 3000122101 3670050186 2145013218
776694515 2355008530 1507344321 2070836395 3585605619 3633012025 3094861635 1931613875 1178974439 4273195065 2439186942 1728533373 10425923 789971217
10 687436077 276108473
1166430336 4075005297 1862708957 1721896212 3231773208 2553738465 1528717765 2012648029 1340037210 3891024521
3753904350 1339542604 1185810478 3238475373 1452138460 2233125420 2592714894 223448252 1092646794 1069154996
12 407472859 70974124
1231914849 816757721 3151230744 2560268295 2392418982 3365542 804487359 4145831354 3363617745 2423626656 631302318 526433081
2673533045 4084192293 3036239950 2507580898 585357728 3301855766 575872266 4245099489 2802350205 4057032645 4102895841 216861801
3 1682088260 1382639906
3488636046 3727450425 2444142069
3065814849 3018767987 2762568900
12 1321429998 145565953
3450655915 2265275863 935158723 3932264542 1684445761 827153112 2682783134 2823680364 128858380 1983830865 3093463444 3650573183
3400271801 3071831202 3942261010 1075711413 3102055620 2794795746 1659331425 2493900023 2088455883 2873671809 630096000 2888367068
1 63221774 1711417194
1324356654
2520569322
3 101327645 59180638
2350371444 247008377 657379907
2828440317 907448304 74422488
14 1124099402 1324989949
1073449319 3755346192 2094986517 2735091174 1364434095 2729268183 4003422120 3642794871 4091767213 294255633 3817578482 1508356785 1571118006 30766179
3173903082 3859945819 384695785 1545318544 1540382372 4202860516 1779909712 977127969 1579572807 755987640 1772505684 295088856 3571747747 3939124671
14 949523077 683357476
1040818865 3999446590 563909206 2049937070 2821574403 4228917255 556494730 763422748 1305579981 1975971975 175010529 2155181032 3763232703 3962228640
2475265035 484913817 3913884080 6500732 720394074 1740662935 3135671047 1974492334 3514938207 545823771 2217831516 80911908 2482159456 2826868035
6 852450050 1264564407
195178860 1285803253 351339740 3360866160 1466921271 3753427189
863772648 1936864941 3188711505 2349067738 3727220265 4215106618
14 1358414527 974287226
2225947045 3423297932 2124380706 2893955182 2150233080 1769230125 4108454805 3957047162 654888705 3848260105 3751250615 1811009655 2998023634 733798302
2291265051 2964405555 1868754868 1842979837 4004783918 2247000504 4012888080 822801780 289037137 2876485102 2960617178 588720680 1474317819 1056024968
4 923071457 640095065
675149260 1159939326 2579875595 1552136331
805567270 406452320 1746834014 891759683
10 2137837867 1092115906
225903750 407326305 4133876508 472186618 3847009817 1739414307 2064193305 3287807854 1169901444 264827700
4005310101 3773095929 3525789883 2989445784 2285438745 1798393313 1218658730 3070654936 1587543661 3944975637
14 78912796 1289935367
2779380032 2450462677 54456183 3760872974 4290476955 2127164164 902886858 94266264 2997693810 3362466550 944276048 3926626269 1618979478 1890784482
2598338151 217794957 1891227084 3425567850 903998745 2380288275 2958553092 2474662206 2859161454 2656569600 1767999180 2369354140 3677093484 3298117662
14 1153966007 781846786
614777296 3130992294 660381130 497738349 199453380 1916035335 737233593 4144576884 3133285389 145511741 2779134783 2579267937 456381740 4293644558
1317675151 332115671 3152673087 844207419 2048318230 1220438010 1827629529 2960499435 1587916566 2215162573 41524365 121919367 1400584586 1475107224
4 1453313254 356842194
4138953441 3522769257 3031081248 90980844
3401973233 3152226741 4091155998 3343449756
1 1395237759 1387057114
2745033939
418043955
9 1831954025 1178234330
3666637682 4258457828 1706649435 591269586 2988307683 4226101950 3245625474 1860009870 570734880
4199678991 2808381800 438894890 907974226 3687762376 3727574581 2153374301 1295844235 481426430
6 780688775 58625096
3245357509 1336497702 227629755 2204913396 2915440003 1755909865
1070338564 1852360335 983676659 3534874130 685943730 1780303986
6 1753555448 88309949
471053645 3564419861 3065370176 1833168619 445246671 310298797
2851566010 2246534949 1951285171 4159480593 4166565849 3171643416
6 259154109 506257041
1854641688 2949321166 1135191789 1561850204 1242118719 2941096195
294441291 3571415031 4163397495 3114619344 1542513780 233736655
11 497341580 813564130
869150941 3294248069 675627825 1465209141 989736999 3531699596 909373869 3991188285 2609142480 1768110167 2736397880
4011616743 2688980640 2649694403 2877446280 3415413062 876282953 3502841528 1676897790 2764119435 398063547 1412489897
4 111070437 597528610
4183550244 43491006 1338593821 2884104672
3674409835 821129051 1423089302 2418904884
5 1070670720 997296021
397494060 762401235 58467105 3329795610 1439041430
4069108470 2587480259 693860450 3593591560 1083798481
1 1463998657 1705267714
1010602999
1449855372
5 1954303527 216980618
3462102224 1821418755 3933186919 2229279150 2930462060
1436822317 2791939670 1929753194 979656730 194764222
14 1861318472 785256249
430928409 2694759563 4096230969 2719437444 2354686150 389933918 3697168613 3873972369 511662427 4031322420 2023074321 2299274131 1076969616 1028308233
706727620 1328700512 927269335 2473677258 3556156122 1571212487 355556385 3708203901 3295441652 3389727509 4268308499 2984518671 499676151 1417347042
10 1229375680 1176869167
3420695220 3445922251 586912144 103685691 1914385725 2823403560 470220832 3027890570 3549335610 3218770581
904034588 674772425 3736384461 606960707 984899685 320499180 641631481 665713710 3870784995 2088085618
14 1910996208 347826518
2720773050 12625489 3574783692 1448207304 2298661005 3726272953 810644600 3501593430 1449776655 31444275 2471478706 1689115400 2133929874 1458958659
1659926518 2331360912 3572314453 4017371463 10383850 2802771672 969432637 3914324595 2980227333 2030272107 599675154 327157381 2958186555 2058333358
7 1320691960 478779522
3757672528 857390505 762017979 1620261036 3089979705 3968745245 4092975887
367044510 2382922521 1353143667 1274725080 717101939 3889834201 3472577528
13 2014111224 382597301
2053958272 1216254523 1529585367 3522100699 2360893320 2409651486 3927229868 1213507184 4076682375 2845021757 3199141035 3498086035 224526396
1164716838 496401505 4083757848 173183451 2819472747 3183727642 2258451462 514466715 1021405551 2867414786 3960033029 1785147690 714512234
14 1828825943 144167684
4133459890 2567823701 219876580 147708528 528514097 2704573875 2482087110 3127418551 3336807611 3790725690 1129506563 3204420750 3232504015 3142630779
247837103 620821044 2353836660 3615858600 208331790 4279508360 3346202670 2254817677 1083818055 4105892468 1358182731 391257652 47620273 3265167116
0 0 0
