14 511998523 192185726
2116362855 3822618702 2637607837 476152919 3406953723 2098257137 3070814023 834073360 4025049060 353199688 1714987176 4041794899 2279619282 98086714
2664061911 2240918199 751128382 761726825 536530268 2141294979 1292726427 3255677574 1354867244 3919300475 4115766741 2383607720 222044770 326391305
11 498339673 408644005
133963095 13782030 4142296172 247031175 1632484462 2083488456 4181422553 1783611958 3383441507 545817810 882792933
837835185 721920261 2987415429 3038204850 1478526310 155676668 2597162379 3022320591 2840361800 2390354100 2504589959
3 520582431 580523133
2447186366 980989900 756416075
3340021186 3886970433 3701028402
5 1896769422 1756402680
1289673885 2321053626 2363220324 2539171199 3295937652
715323688 72468092 3798622305 856684003 4195744029
12 1834104895 820684421
3796519349 3105655860 1052272743 3710147797 2217524783 1470534340 2772217529 134142835 497089557 285407060 3553286730 944414595
775035181 3624539598 3202901040 1509402693 2073811948 3407399595 2400681910 3399074220 2355298401 4257746724 2805074962 1746723513
1 704696414 460300087
1508852742
1480408015
6 638468389 1909896705
754971335 210170658 895537185 2072853774 39187690 811756534
4218062700 2815073028 2408398526 377676920 656983105 2543483820
11 1190940688 1592536370
2909005143 2387106035 3328427807 1581579700 1930520660 758277315 3806126151 3465871491 3083713783 1462888975 1300311217
159295633 1040750498 1802135015 1599030436 1531806844 2561161230 709490079 938685660 3262546422 529433935 1450003194
6 233249842 1072421913
3147961623 819219937 3394294752 3340635578 3404921499 2318573272
3893027802 861931299 1048518163 1175755855 3171763552 298138179
3 315214248 111175828
2982735575 1759387329 3915370708
1706994281 2085243831 3470919090
13 72904547 1241025833
3016863960 2825294975 743413849 841184122 612001759 632065350 3327252315 3096963160 674513070 678357339 3113039265 2604606132 2154496611
3828992364 837093090 3440501635 1411783335 91369365 3673058112 2404870524 3794793531 2360075870 2520422517 3930222763 3975658785 2236990341
9 451020379 1829702784
3788919034 379649425 2481285331 3046660854 2432417483 4147682077 2275917986 610231135 4114926918
951268800 1655528901 2372486680 3813966063 1317180060 3949052103 3953012235 2244916524 2772968280
2 506156631 791754644
2295826821 2981882430
2116811588 2730745077
14 301219208 972256071
650822082 647985966 1366939195 2383547952 1879812542 700593020 4217249476 1876294218 2676134194 109162452 3393113689 3858870926 688697530 3761751780
1775338086 2861913195 358955589 1974995865 2926768263 185960305 107175446 4167892197 3738134270 4226623330 2245506245 2031711660 1957401401 3319134234
15 805573590 1538399636
659610480 1009808265 3849203049 3983316460 3540118022 390764998 994758925 2631238119 3903771183 638480614 538463535 2395979684 2142924150 1230792252 3890533833
1511910842 3714791395 1541978829 412482555 3724405171 1873958229 2492534859 3064778145 453702428 2999954759 3150474978 4149892998 1401466357 2766597178 3705632591
12 265055372 904536520
2895994760 1234881458 3215142288 2473344380 932813190 2915483142 172287831 4229194716 503374674 1144541145 2486631275 1691729149
3479185972 2448668925 4002804273 2672434896 2337478499 487681160 4105290819 2445827179 2827610526 1464744841 2573245035 893759033
14 1545187993 454838374
3050524173 3139407224 2054332559 4054234705 2014199535 4148746245 1861267203 2521055965 4244538960 2375509905 3921613387 2380219532 573234005 2670769825
332036661 4190737551 414417689 3881915631 118409365 1756325208 1007325645 959353836 2986178761 1621363055 4270725975 4174604967 385827528 3981874011
10 1909400081 1439007440
322308234 434618280 3943804329 908998751 461537715 225135714 1948624365 941004793 1102062927 771793781
494991687 2659732069 2178528175 679961290 3458342528 1340175456 2411428331 1535892306 1408360094 1365449091
1 115326372 1260067804
1981892775
329787158
2 1853502677 421692151
3849533790 749122830
581578440 4173744240
14 1887667919 1258780696
1173373952 3026651083 2868155692 4191679680 1317288517 1918651959 3950649375 2992583832 461876471 3483154018 650172830 3593120601 1784188548 3789918385
2127994278 652435184 3284471382 642121413 1883600118 4026802335 1825252055 2221111589 3852536186 350292144 2703265728 3208998478 3065474022 10475
13 555568833 186462269
1211656617 2490585735 2768484504 2827203822 2939476649 1689291512 2200918855 2310045987 3204491680 4020334848 2372714496 656441666 1376087091
3425452590 1718836243 1858971707 1672241166 625552828 3700329977 935057094 2195327263 2495734060 2695521666 2233336035 1337175711 3316429860
10 2000781449 1834851811
3261785485 4059377623 4241586834 2729293849 2587739991 1153391900 109825664 922976649 1928503680 3085535
1641976280 1336546121 4194926350 3570458494 3675762918 336199839 392230260 2968665096 1587359666 302463420
14 163214684 812559963
1675260543 2694318270 217471349 2956832635 1197746430 1797348069 408328570 2583836990 1181614712 3096767367 2505621405 116672375 1350298896 3429485034
2459052435 2146170732 3734799838 3508138689 769320714 1329168015 1241524685 3507189802 2663171646 1977344999 1300391187 2429982919 2947291533 2234726569
2 195048527 1120531161
782687860 4292616703
4216969380 1338373766
8 2002173883 1615169932
73766663 2815782726 3998098596 1911041934 4268196333 2261649635 1183139357 3857356730
1038392562 1208201330 2965089714 2302615983 3808804316 2725096146 4032470289 4209000723
7 708979593 1580729189
2800236255 228931920 3221982419 544162010 2761608671 3538260545 1815774242
640138403 2292766828 1669403060 17217635 229427426 1579845734 3903982022
14 2125276595 428214808
1336494579 2285760019 3403108503 3733177845 2543050116 526180552 2058241494 2470053087 297132837 1482614631 4113793275 122616125 4054082994 3499717713
3933589305 2751213005 2101513140 4289406846 971333262 1918523219 750878436 1353458383 181895700 3561201075 1863193687 4020376266 366281580 3577962210
10 1071092862 1649785674
1250444064 2960015637 750937770 1190143368 2465504173 3425628266 1276947894 3231497713 4117787250 3255919821
3716992685 1970067615 1982465570 1870579561 4242031166 4010229195 3601783660 2187828083 1855049051 323112885
9 425439162 1382918065
3323603050 529166067 3164237795 662866482 482193222 4215992595 633516429 3659931416 2044141591
1994570928 1318812711 2033365500 3181179831 2517385810 1808729793 3545080485 2778600941 236024429
1 1763596109 1190491263
3053282685
3720476530
1 125029559 1132774541
542455290
3193173158
7 1227451904 1056220640
2583835194 150978100 1820905533 3692195686 2662818177 3321180622 2437485312
3563002970 1458766840 3927359427 4130544780 679935860 113081638 1257141294
13 1557078947 590123081
1383239208 2587301823 243841008 3847052719 2109499605 3655002372 3435200305 2127429224 1760585613 2328022017 1961475138 586273125 2339228732
2106148022 4087276272 4147568062 951265320 913639454 961040145 1060122516 2052998607 2236287870 3291383159 2702078055 155795215 1194316875
4 671974984 267039709
2744051709 1275394610 2095178362 3785428488
2644276278 3434795718 3620440825 4159901598
12 854600646 902409380
439259105 3485544188 1526988216 554657776 4272983893 3374395900 1308755151 786656429 3878153502 2502427503 3656445969 3221369495
1841577023 774353532 3370796773 349543198 3659114738 914772397 1635817268 898059255 3120514068 2874114397 870829881 1274909004
15 1207138289 1095193208
3038982358 1361263865 341182516 492195455 2601540999 1406505640 2140270410 2729827120 3733321867 1054501623 3092014055 963958251 3390470445 1823011977 330150565
84497202 907202825 1675070701 333685537 3166613573 1280076963 613176917 144454610 2762625846 151733664 1106566095 95257485 4145855111 1010220807 2165946483
13 214072454 880608847
3999476085 2189984726 2924608545 2299299400 3643108585 128327473 2159417445 1897188543 2448588361 674913008 1070413691 38150346 138864531
2370499758 2381349375 3013980960 87877186 3620853448 1818824709 3313366263 4108380058 3318787947 1977174960 2717760585 440320364 2728811133
1 852737060 1793374183
2699076848
4251320464
15 1444235608 260184809
2254375006 2810858673 421231140 340314888 3969189160 2089953709 2053651426 1122138228 2351609250 2123270433 2890762560 1537602924 3930594050 2657920873 2557650115
737684523 3954161259 2148456819 3097186407 2885921520 2786447247 3426224960 401128635 1778346135 318671344 2352972860 591855894 3686463424 896710 1205804610
5 1075010905 928341318
1377565548 2905304971 3110151564 713306223 4224620060
3363066191 79996644 3086656641 3235359460 1294111155
9 584985426 669902010
2420143205 561792999 2991606177 1941713331 3462102985 2877389243 1504765680 2211329576 2919611823
2630584180 3330644953 22552926 2454395825 2583101520 2192628166 2106268066 2563755348 3917548912
13 359753454 1209818267
2082553348 1044893522 69944345 2320777680 978345435 3195719183 4057275623 1570553230 3492597528 3429077789 1171147230 384731865 3405624105
3782379583 3925196127 3085250991 3608057649 2187414858 1474796775 671114379 306322265 4026210507 638226849 294691995 3366471787 3914721385
8 1819783653 641738591
3804380837 634710963 273894160 329739335 4229850988 3434431175 1369561507 977830540
4251563733 774952293 413729700 561270090 2519926500 333140982 3567064160 188704050
8 218586461 1585596851
3986263422 1323419453 4130260737 3890482320 888144069 2862741017 4086981625 2994895365
2355294519 1431421977 2820311611 2897050325 2817715466 329413164 3356656707 3603297035
6 905469750 1160948802
1590614415 3122765742 2359702795 1025118220 1564782798 2608409577
2253268081 646110430 330735687 3431035370 647976372 4256853555
14 1183391530 1415373037
2275107744 2294210075 3860296596 684090696 424670697 3918902217 1129183359 2161884135 2727831075 2463568363 1275556958 228503530 3585471915 1189387087
965414355 1921621025 253568696 2501623251 274085871 2989986675 3228724285 2127840793 623250411 3323012651 1256886030 2476820872 218952059 141617775
15 1252966616 385255824
2230171151 946019634 2700980070 864003087 3055375563 881371117 3848399005 4181095762 3560783920 1465543519 2068703420 427646990 3099375513 3578469285 3218367105
1834680547 3472319583 792597597 1030321982 1752799218 423968319 3433586570 1630657139 4205516437 2485579053 4226434006 47379720 3698256506 76010034 2022658940
5 79393318 776134033
2058307207 1791299499 62468484 2827161822 3735167940
3640469356 689785362 574982849 1948409760 3283219083
3 669860331 1233288737
1477643445 3511938189 2980807991
1394986578 3517367937 1128089940
11 1059278995 662618529
2395951277 1560609078 372128425 1034337999 3212078802 1433009508 390568098 191626575 3090144613 4041918132 2832161282
3328033305 1227984103 562358973 981532512 290071190 495774931 4030158617 3030231150 1561576949 3977946546 3616824125
10 1644586597 304898436
3421895915 4031961225 2409682672 3435735814 3487833094 3137453996 2962926769 1012311798 1263981306 1675981252
1367457570 1192515024 3259524525 3483441212 3747086002 513057116 3143638200 3086228241 3744864268 3683111094
8 1235851853 500242781
3159900660 3981946893 585243969 4105899678 2633637321 3459075480 3904376113 1080716113
3449293749 2109304984 2326967605 2950131011 794901438 2067747732 3528752587 51763248
6 619476601 542495545
3473865465 2186074096 1258089189 3208735248 1372699799 2719971559
479600052 314098338 1181828217 4043199566 569891103 1545364477
12 1816479642 945800536
2513611840 2049427035 4006019670 4149652259 139899521 2973887325 3753878430 200739177 3369186412 4101565387 3054453414 2197309728
3064421322 2639012667 656124839 103595406 3568513368 3212830055 1918808325 567654630 2854439325 1463750847 3014214404 4277390880
2 2029164416 126008546
4020202467 2573127006
1250858141 4217698912
15 1548325705 1650756430
3802612355 3615955471 2424578190 1684559754 163007808 1847112610 3464575898 2698988811 3240074963 491463685 2896513890 3099253464 294399426 272708895 3884927385
1470058072 370500546 3158567581 1073588590 1609425981 1680356922 4068870600 284541865 1707670215 1518446247 879957240 1355723766 3092769742 3522395329 2423372502
8 164217151 481153656
2852297950 1018298581 2942467064 1200160774 51433401 1275561140 848717769 2677621856
1571542735 2103578779 2933300920 2071720255 2614940701 3284115791 3551840733 4237490467
12 543821458 316826168
4136018937 200202685 88394928 2495242342 737323866 2498022296 2460637439 4193621944 838008237 420786305 1575630649 3201455827
1148281888 2575553985 224413775 437456281 609746922 1840079139 519194215 3734243667 2588010601 1708501830 2348189647 1412639364
13 1905928476 1073800674
720486305 2563272237 1586292891 3968997667 4142331415 1927723313 1638680277 1113740058 1954878468 1825024602 1302635763 821711541 702318127
865236700 853824025 1379508809 1593271156 617747550 480567559 3188675145 216208635 1857158064 4085514465 1131242002 1739500753 1542910823
13 279384263 1212039093
3793523454 1510829780 705711582 1598480912 1243933470 627113037 2076762478 2618322558 3895998381 1431715341 2138920935 4253680523 541119369
3535457364 4160610004 1028027390 305339271 1092131390 2494778811 3047728063 3451635834 2950968738 4023311764 4135237234 443709894 3598771147
11 227475310 656626704
1019698942 1873075861 1975471315 1928233800 220537299 2732223649 2260063441 4204819644 3452346873 2325336495 3457726030
446784255 3133596405 1776281820 3815042199 3645788688 3768475340 3590851905 3689595303 1852919930 3274770600 2618755899
15 1450027059 960337651
2095118415 1821527034 2068778480 1166750994 353289479 3178571051 249612272 75017205 274176714 3681435075 3559434057 979430190 1946504526 3513118907 3795104652
4133303217 169241241 3773167560 1492116810 2831571265 831083866 273607148 985564570 803243550 2913125371 4010388890 889337085 2358894535 1874967030 3065008437
13 235623744 168403534
3744245067 1277624880 2265252095 3142636343 1811381662 381420012 278901031 3721409730 2736829160 2312582370 4044529650 3673246631 3179984835
62809134 2260083714 2984165472 3123362961 3689551466 144053564 4067238477 1702413042 1213666740 1496955604 11728338 2839378280 4100800500
12 328479052 1714437368
388351365 1563722169 4114239958 3106122658 1146350946 1347399503 3743923687 625249113 180246475 1705228644 3357248214 1461082735
3646349695 1100791335 3196214964 135775470 2171982414 3077196728 1293875853 1130658603 2519450823 881451507 3365239778 1208113590
15 500845433 1720763032
2702939259 4127509475 3707959893 3856753563 1737166811 2255005830 741786877 151961826 2960863776 383897450 2763220953 2886102484 838790592 147509388 4278312918
399338390 2524017762 589775802 3521726764 3512893700 1637665770 2845746961 1164498580 2788365514 1818005838 767657490 3228904950 379115715 2160326454 3589510507
14 1221286432 512347792
2004724716 904757199 3465929917 765899633 408608181 1356734560 2775096856 266166674 788905827 1667266199 44475380 3595424906 1944445038 849303704
1352728499 2156122525 3448936900 3493628423 2782407615 1539694844 1149556588 2778660370 3990548193 1464460065 419414454 1973634230 2611218180 3437059266
13 1058400932 937399217
1315860960 2995456965 2401047960 1078339209 451714940 3286111796 4080454129 3895478042 2089604475 2782910120 3050746955 739715241 4025176518
4254461993 4098470409 408759909 1172934161 120900748 303287145 951089850 16062159 718613921 3204181526 3147518010 1433425329 520118715
10 1231469873 14232566
1757789236 618969744 2680015333 2042592532 978240886 3392192477 156676245 1060872081 496851400 4134493246
4233345345 3958761187 164026032 2843339504 1797725036 1125087633 1165319326 46644256 698181090 3283650045
15 520890080 1456212582
1177706595 204927384 1455572750 1071394647 2814881389 3309417985 1555409550 336740611 1454542725 2354070306 3894322407 391967910 2526101134 3445363765 522534795
875647935 2146406245 895829805 1570172964 663242400 590713161 3150139387 2515296855 4181526223 2731626389 1767891285 509865751 4085976585 2644147422 2684374184
10 1565211805 1987597726
2273121000 3223678903 2559688655 582220783 3460839705 447553241 4104593212 2976153414 3742470849 966864680
3213777920 4017623635 1933412626 1688714308 2735723385 3569607076 1307179583 4032095286 1836127392 3088946745
7 1239722890 1136252230
3746754597 3675171735 1153135281 2961735788 1131065318 779845645 3925739859
459210442 1327019683 2684049786 1267046754 3956503170 1236177090 3333185842
3 1914521091 1608476630
1969787015 4286068465 2129073885
1834872405 2553809660 1359393085
13 1715037562 1110777694
3911685180 3360364353 4159460003 1504963977 2659549171 3692718432 4257394143 2776482012 3433798523 3210450474 2236594670 3698737200 2737950171
4059004203 3610588095 936697137 2807438785 2478372567 3765769799 1571541981 860495000 1564325385 1692867402 2221652817 2548770754 655916295
8 1851419098 1910201897
4292328675 3683612155 1733864703 4239873990 2814935465 2180830090 2782081040 2899435150
1022246097 3035904589 1012604160 1295060490 1148789982 2272488803 494626431 3840861800
11 165536045 1172968644
3796946122 477383445 97814507 1815659721 2443235379 3672011493 1749759587 2302095343 3277627370 727075380 4014146475
4221539637 1415267556 66456975 331907625 4286758449 523881501 546899402 904718655 3649237530 90419494 3771957726
15 1046994169 349978059
4154428042 497328735 935005129 2360709624 282240658 4088523084 1062495260 1700109363 602797935 4105026488 1670951893 4234947400 1050973230 2130751673 3560678544
1598622105 246180315 4283266115 3994269264 1101436303 2150275707 1190679012 844982665 3032551425 884858946 280744053 1261145378 1329272493 1549513777 2438619385
3 1973686155 1710778717
3756872922 1318485428 1369301545
3921031171 578217215 3830007321
9 1841640263 766079224
485843320 950482661 3545206710 1428076926 4196012055 1353705240 2538464919 2547198345 3589095580
3383133867 3940600533 2245819254 1143075381 1333637362 1462834785 170358972 48588902 4011511346
14 744569249 588140068
1160002496 3772400714 1130801696 1105933797 3050858220 1272865982 3287386123 3842149947 3361133948 1383649229 3245336210 3539137710 3474379617 2657744308
2880649861 53789010 3671053505 1381134642 2887293000 1731710715 2480107564 3539186010 558253415 2637287394 3775409916 4104249674 819505121 1553589220
7 1109047817 1756071200
2965459313 3119365452 2461397469 4049391448 3901036533 2681973567 2488094499
2940539654 876573270 913033581 3557803692 2791716984 3351926895 2442593740
12 1962502937 585511080
525401023 423770568 2069448370 2567621309 3085207320 2170301855 3585731012 2666050310 4112315925 3465297409 1133971034 476406789
1044878916 801976251 3617376790 4116748617 4218694721 572417443 1063476048 2483567740 1317358435 1860066255 92927568 1458786433
10 22927893 949508032
4177514970 3057422172 2490863360 3277203807 3055309753 141637173 3925197385 1871929905 4127839877 1259849220
2869239812 1685751705 734459514 2220832530 332969385 1038334807 2705953230 3639469785 1097631408 1650936723
3 1335002444 476915646
2445588552 4084637328 3593781355
1185816423 2091549065 530529745
8 840129031 343628186
1165304046 1131449885 3901907924 2310647130 685763172 866140380 1000676787 256657421
3557895168 3700017386 2409622490 3553500983 453882427 2513636277 1666206697 558195738
1 1497375228 24580997
501241158
3494894304
13 1896859515 1123112084
1596043697 1742618165 3472822731 986878160 1072519689 1797633879 291751846 2282586175 2734474469 1569343380 43405530 1380556327 1463384538
2160502935 3489498040 2728984701 2691229880 1861478121 698236915 53219454 1158508455 2342409228 2222063951 2039336928 4171361737 2981981765
12 94712835 553218612
598588420 3741433572 2683192320 4113393795 1170024660 2285420037 722916711 1045014735 4176686077 2454532496 4256291091 2574320753
1032923238 1612371973 2638552282 2888519897 2785176876 795832489 1329114593 1495318371 2357765471 2084973460 885224950 2434822395
2 1414877711 763248740
1804130737 816489906
2077425559 3139894187
13 384603374 103112542
3600480210 2852285 1136419599 4148673333 1230446267 3546000057 1144708291 3932733273 3873020481 864718548 1589133395 99948510 674962637
2547659664 218715219 485073279 3509807420 416842637 1419724260 269263375 2955122150 3177131274 3199371480 4128152313 890449060 366567383
2 1808106431 1951163961
1608758410 1384654556
3009784119 3244046454
6 489139117 393721897
2140539165 582683805 1298516536 3369261408 9699907 2453739660
2081758620 3693991245 4130567958 2817821124 2409418110 3415650743
12 790680110 331784328
3431233592 3280251270 310605584 484238530 3373852362 1549198767 178213353 2348599640 2422502153 327887883 12924050 3197611170
123708028 2438316530 1174243680 2195074076 231904312 1415215279 3390731045 366437319 3140501436 3381504618 4193913849 994040222
15 1114696532 57260090
3316520922 635172114 2379146898 2552887665 899035185 2607542929 3345195255 3889208433 1285231425 599934513 2010000141 3335220078 798523773 487592081 1585336430
1474719145 2479037969 1015839675 1073481949 1576813875 1709328177 77438790 2881639805 3413452511 2606663637 1153293781 2826316392 2031123894 3268463250 1012970813
12 1837351100 1692560681
3682422507 1478623072 1918533387 4287076198 3814120407 3453198641 1410882081 3944767366 3529422736 740766947 1387022674 1680418733
2243774145 1965741531 1654203324 2816188364 3408964572 3213741360 679552201 3955817927 321907665 1844629044 3001822858 3160170117
14 1092135866 984752147
4077190468 2505745629 2538060215 2201921697 3896294998 1277477229 2063741856 985728406 1914730515 353132520 160584850 2201236200 141259140 1762267938
3858214378 3483682440 4102660590 1092178615 3099973575 1402521975 1078864279 158857893 2969322394 669553360 1306561114 2335647611 3268527433 2897092005
8 1189217379 546169418
4204920559 1074368810 856536196 3286904977 3342242265 494068868 1901452598 3061548004
3886204485 2350163674 3849722419 1091177445 1026392225 691688635 918968155 521685485
9 1674821085 1649797560
878403129 1763925100 2286343571 3485618361 896733130 3630466723 3463797235 938724445 2519825370
162293721 1545598610 4161435093 1383945355 1956089556 3381805269 2346296610 2641802734 3578349126
7 697198361 1142058489
1985731980 2178601089 3753206775 1490363555 3443969589 2350315278 181335328
952591076 1928644131 2518116837 407578403 3107064426 3861127511 461627368
12 195909991 566771080
195459029 3095833987 3028690830 157845637 4165575305 1340120808 2686697302 1180605089 1671361569 136002494 3855158655 1328846792
1139215985 979307847 1486788242 3655571880 4147702257 1529503140 2011747255 3840436015 130236664 2280777497 472216905 725477156
0 0 0
