15 2094531672 1241852874
3913388286 3665286654 1408130971 335581235 1106787278 3737753817 2824025446 2149109607 2720209544 1189509978 2732595429 588006395 2971572279 1735446620 2764413992
1488134205 3985725201 1893536898 2012503342 4155072071 3306760453 1106142852 3679003354 1414600020 3248493959 2853172569 2311948197 343432295 2922197133 2299539539
10 713403137 765305552
340998954 447032739 2873944864 4129182884 3898655756 865585274 2256442793 2670941010 734775429 3968215545
3106129027 11118974 1317104958 2027333187 2354229099 2868964139 49893131 3169277163 4054670070 3258421855
3 378617637 432562192
2639500821 1032418201 4074653778
4041089420 446003452 2867405166
13 1883886234 124510311
1233690576 622680169 3941011551 1470510735 2798542707 2206918926 2421374070 2290773821 1244157410 4023814129 953834579 3639876210 2173394410
1552497624 3142295186 112705323 234957600 3240473291 2334654490 443649354 3404388663 2012470399 47362937 711309300 181505615 2234517080
11 1104031489 1198508737
2976063292 2184986625 1757164322 331064046 692369607 393895170 200990690 153632035 2516706792 420052481 2943357271
362626851 585762900 1695463537 3117407245 115556794 2410886793 3702016203 1807070031 3994487210 1773953550 2447792006
5 1498601066 1299887440
2499142755 861424496 1109092761 694948086 942749736
1940208699 992486712 3680850377 2333420055 2831605410
5 526925558 1962759919
2512698329 989160036 80663491 3725941661 4043107110
3865636290 2685044141 4135785749 653451020 519567294
8 1282745199 510210554
1395998990 981278290 1112901971 3558014765 3385448529 1219525257 3381036580 2240084793
1881507345 1087230054 2167599517 752033310 1134461093 3809267822 2043150030 2461376901
3 1689338587 832317916
3832193812 2947049909 3741173637
742626930 3624100814 190134561
13 2043043489 1315870934
973284095 481218830 3871795340 3239148483 2516278419 1296716939 1609315846 1657289265 1848301686 290077040 1965202252 2859919405 535398370
846917800 1885451778 1424096178 1463348600 898690065 1947779675 629334741 663877580 3161026842 2477384040 3954910710 2604557945 2051448681
10 940859513 1103725324
4279827880 1498522107 1377621010 1019588047 1474109916 2637965663 2862373080 818254632 472305386 2438672241
1012236495 1253356572 1288304358 2607279290 1261222925 376334353 911360931 4259029090 2461123014 540045044
1 33127153 569779092
3275572998
544439396
12 326672951 1424068919
558033772 3422395155 2568634606 1989636340 1430238255 898933265 2073266220 2522678769 3618290581 2140788945 653117366 4162463139
4071681509 107263283 2351111706 2559701924 1835263875 13264381 2404183086 4012626504 446488020 2982054758 3731901104 250943372
14 533450781 110516883
1710867335 1599332565 532342749 1283760876 3234367697 1063776279 3276295275 22466808 3112133859 2249025281 740126779 4034947494 2188980216 2041977600
2449631737 2221438498 4148365080 3591862119 2780458392 780850292 2686152676 915228273 681220140 844362147 1155624297 3323036231 1216422496 4158299490
14 9042564 1654501052
3561807613 2418667620 4073916312 3710296698 509290827 2914314375 2328367981 1807226275 3667054575 479744583 732545337 995250666 4041206592 4076202344
2374130745 701707749 67807563 4249565402 4045874947 3266731317 3359398135 768393184 749055741 3572261490 4161708738 2185524489 536993076 2917718402
13 1157975954 1605032958
879357756 2848719721 940718583 221860175 2639637600 3151154360 2569230584 2414397414 3675278756 1455036380 603721755 973650342 3822504689
3444506678 2329194202 254700351 2170122298 1091331354 635691042 513646215 2638840101 663714878 3068475742 1587602883 158713020 3117476403
3 1700160323 177124873
3456458004 1949391081 2980272775
1005860944 2614430405 724412652
15 1400044365 567305570
2209537255 1707297647 2431843200 1809720993 2752464299 4147904780 1988310886 3985060443 4237061745 3137176708 2916513278 664256894 673608488 2233352533 1633261324
4056499405 34165350 3774104514 3897751563 3941826165 2054636290 1671631801 772118370 1385244429 76464161 907284544 1851279478 1624471821 1314228939 1147316564
5 1881869346 438928400
584801598 3725709134 1686534900 816124270 4202223524
1275261198 2743813197 4156409265 3525320760 3976148731
13 243267023 1927458514
3993450569 3325809138 1279229247 1837899850 1275924436 1363133268 314666525 2436567600 1990575810 2699157330 2840704518 2795331198 1051689494
3291540840 19974300 1377608574 2449715536 642267021 2512023657 1988186607 2494278495 2856048313 1279189126 3012257806 3638540120 1905893450
3 1341591010 1689278411
4060158430 656443745 849263399
2670640054 2524427182 1342485503
10 1937404628 1812510176
1836457305 3428319780 3055077701 865872830 1634500542 1651153797 3965507887 2763256935 1493513070 4178742345
1751571151 3934894436 2491157655 1409861905 2926179381 1835389001 1987000216 1101650005 3734823528 4047136665
15 455827624 1020690913
2481570680 1560573404 2848919247 3418827426 739822950 1353542970 30672912 2663021330 1715036859 2260164200 2025214836 840242661 3026256840 3282240494 2258721888
954912274 484199005 2227062010 1065332232 315298665 3463316940 575600995 2116299750 3999267513 2511812625 526680456 191701045 1493827899 1958734806 4069868180
12 1205185742 490990484
915422411 613086485 1146039416 1649821254 846522360 28908585 2719348083 863907819 1139191080 2025834205 2913621628 2654818995
112634820 2350795525 4187409272 1010431771 2246030621 1575485735 3567310325 1364928202 2598081902 3940949448 4183420996 1069471547
7 1819644070 443250757
3590174929 1397625947 914247035 3704959 151576920 999561590 1821375117
1000954947 939039905 454539138 637262421 3273323320 1280637150 3749804330
14 188250394 680943121
3019146236 1875548605 143564741 1225713704 2010564847 973263171 3860622040 444500141 2845585590 1368711021 3857490434 1071821892 191646385 3284320893
3639976471 4111690159 3358111745 2082962745 1054096020 3349646089 2743194987 173065979 4250884044 2348979075 3820450165 430023325 3408567216 949430275
3 973307337 993456954
1384708992 899507240 484120492
3792323415 2353963980 1540068750
7 1252822786 115388661
3048107923 3747202985 3218478261 200301785 2655020565 1396816795 977859322
1343464575 3466960221 2691461157 2675754389 369791850 4190152415 119356410
5 209522480 1718607121
2497748440 100587563 3429558343 2987293725 2009785525
2386006670 2306418720 2083774002 2175260470 2986291115
15 610874250 1991670284
1762704252 781371277 2365879896 1181114445 3452374884 3286149328 1533993834 1780191974 2677672500 71947995 2899750349 1888398500 1842140285 3931659702 2521397107
2067643612 2619240945 2099048790 2452062315 3289744744 4277082263 204574335 4097496423 499728940 3197391515 1775380861 1109579212 2796705438 4229651043 819360572
12 1191655847 727311801
764152725 321462012 774176973 2925752559 2603251458 3198231999 3481161747 867497077 3694590334 3525866299 4210699195 3215170113
3598174897 1907285035 2882645912 208337562 969610335 2330738345 1036389255 758571226 2310967678 4087645207 4224838335 2578499013
14 2114465493 1262133489
2879964651 994541106 3890342847 1766637510 1737484095 1842045602 1223676500 678013865 1260033735 2933909054 1351173716 3176456820 509631406 2142757044
2435334065 3013594734 883585659 323024694 966369912 4151656489 1867903623 24044715 447808399 195579690 2322148650 3866545117 3094757206 3314598583
11 2088790476 1386335817
3756140318 3195538620 2581150323 949235982 3538573187 702526630 2110491675 1719337270 324532983 3998539551 827206245
4235545398 4053247148 1592882024 2246991039 739079535 3128016584 624511330 2416520407 75212410 3131068521 1790603589
13 1823876747 714892745
3233450183 3871084965 4261216177 1526553366 1528159500 720409465 2115290223 2572698705 2460788735 547748529 996426865 922258720 42751650
4061172975 2825261048 829944943 2115573278 3151388190 1240768068 3009354566 227895168 792435180 4214910740 1495783625 1079009136 3076847382
4 878041802 1888410871
2291533738 2977579863 545900146 2644668420
3620610111 28984082 3881641777 2030651481
12 1117582545 1317840347
2784951976 1348451130 1009513575 3966904906 3598395778 2986872165 2844622482 858262629 1479551780 121396187 2521994628 2955573495
1548236154 436654293 2867554075 1948339305 4162387760 1096315805 2656624782 3072196407 1890770213 275849052 3919385348 1285687860
3 1764328144 608901626
2389260030 4047734955 669788061
2886193163 2771388175 504881691
3 600975193 974460104
1251502475 798711339 181901829
1400018440 2998176093 1763148657
10 827892453 841891852
3057652857 1101827309 178575955 3901521827 1502877945 3870301370 2746141891 992861574 1443562462 3037186996
2648210445 2629090496 4046960459 594155550 776802600 236614110 3801978920 1014222730 3354770146 622110359
5 346578760 973551850
3068702240 2959922481 3582507921 1431294315 27326205
374489376 658546405 2970859036 202433425 3295909260
4 2064389061 1441130489
1999171590 1640391096 498861447 3915274348
1211184731 1628955276 833972241 462864916
14 1827907523 1888151920
2651627563 459024360 620018152 1669802986 2790102458 1925110278 3165896169 437780940 3035778774 1132315110 2208014898 3862088150 1556965942 2515008618
2981840409 1035635018 3253976973 3825597096 993745671 2803146405 2530883976 2440258242 1975576287 628524670 1132684504 1965176184 1139509475 745647459
12 124692445 1909350484
1536988305 931833903 1051779765 2856816718 3993017967 1673835260 3616616448 286254150 4193160197 1289153180 450318304 1347924243
1913259972 3263839247 4164103205 2919502641 2125263102 705835524 577152670 1366609478 1213824320 335488291 3669563320 4174004457
1 357810216 762071906
2281876667
610692427
15 520330493 641168461
143306277 2887964460 3255415259 410475780 1639304290 1131214850 2022257124 3200982327 3614234442 378888387 574227337 1107402627 3620306016 3814357942 3316018827
1236724958 2245332646 1720081191 782624109 2041656052 3285089412 2764464890 2200829895 3341654787 2507084403 575055510 687130380 1349991700 2813510847 3057108842
1 983117312 513465960
960580628
3373704570
1 1266612913 105302921
3189447051
2575994354
11 724459383 1904038432
3606442965 1439289586 1097710784 3335201755 3637621021 644688098 226464333 2917639394 554719860 1208306093 379594585
3203205530 354227906 2673102460 2384730219 1075299591 3930155455 2278334399 3124895887 1302454204 3654812221 540300021
13 1128316138 1328711550
1527410295 2128266478 2641902795 4005604227 2537831004 11562757 3792859916 2506175069 1162748715 1691843196 2501589171 1390585527 2980022616
4140269886 3799743675 3156681820 326810748 3867705939 2060405065 2245094061 1197397282 1033007891 3568343832 3595976729 3192535665 3711989923
6 1310461486 333894764
2273494660 670954705 1857183525 1724888376 3104128650 2783483785
1262840648 1816600437 2893769917 2876148270 2787110472 2518972665
15 665749807 867188573
981041912 1425209722 3918711232 1449826986 3497004344 1998400947 4043290227 317345344 2445714960 1885846950 1503205926 2567961948 2926811958 1422026361 3889993035
3673244388 94927546 1882152867 1955124240 296112366 3232821878 2886751212 1212950331 4062903075 2848380033 1052879000 3219612107 3377369094 2063160290 254319165
9 1362405217 1473820999
3412643267 1380426751 2979180882 2309440041 1306241740 3933626520 1740594767 156479510 2831842131
749379975 300310596 3075776420 317358096 655323375 3706765467 1927820889 1061376850 2842499006
3 649803624 1295146767
1401707370 2260111410 2588618611
2853729420 2826768279 144080085
3 308026994 1574082082
1141329821 4283828505 4161100860
3003150825 3933404969 4071838001
11 1468081070 1598906301
128099916 3716557155 3307685421 1048845099 4026549297 1959222582 2291715890 3503658170 3445287171 2217714579 2297447191
885493753 4197847106 2962273346 1988796464 1264013600 1442560275 2707608526 111661389 2184522102 765233360 3402363165
5 360073849 152246091
2313834142 3434378985 218018973 2656829181 4159699532
2262986374 2520644958 3724167123 3038125488 3872746483
7 377055591 96542481
114178950 203546270 1479287970 99917913 342363048 3125391512 370104204
4126357522 3189857129 3192397680 414855615 3131437339 970222899 3120494545
10 1781483852 1182077284
3067377645 541009269 211247619 2360289202 962578401 1619831121 820261965 1050990887 3764770405 4234461655
4072347365 618420430 1174924910 4034598849 447842745 2580067220 3888468150 129716230 2537798142 2771523729
14 1586697493 172819599
88448766 2926171036 3656048160 39974160 1071421929 3499917448 2434475130 4170751815 3237370812 1225754750 2243177232 1268904090 3195120073 334117920
1835068608 421679041 2430038395 3487188835 410543630 2672814732 1384579156 1119541239 1794781115 1143115349 3955766490 850240650 3645022290 2002427646
12 1254812303 1340946175
2985475695 1232962978 2452296663 957281220 1295575470 3405702817 268212180 652631110 2707050930 630544103 3361474848 3047598759
2896010967 1386640935 2779646183 2654988960 2369248863 1043801462 3148493379 2586490065 1831614228 4265885229 1116144280 512275821
10 1498496131 1683728542
1893566339 3297431949 4089947010 3864619900 473729629 3627057170 192232661 728343174 3890488839 1929287657
1779897951 3403232085 2326390839 2292560466 2262384973 192391430 138373100 2499498325 341054885 2890771294
9 1860663080 507501140
4253332097 980265965 3611281887 3912271712 2744768307 449646940 2465369955 2435231795 3850198215
4162600892 4005752145 553785786 2788131675 1926239339 2920961765 412400681 2070696030 2043720712
6 369130311 40347635
508873911 1052839965 1494937959 3540938894 2778898780 1660094355
1631436243 462091200 1154289911 933121410 1414063770 1168003729
5 1362479575 576072258
64072404 1998804985 3190198440 938260941 2288726580
4107326378 56762675 517314491 3157298439 1838789241
3 978227652 84812573
2040927010 1769955219 2136599947
1696475571 3825940361 2025490461
10 1435002635 1847913829
2263017846 2304497792 3164379990 2939101305 1621661191 3920119488 3478291800 2703875261 2518727173 3504417076
1270720115 2424527964 3865949196 4136324835 1347898935 3427672464 396124161 3484768596 2261743005 1964892096
3 1289428197 1162208296
1516307755 2235516279 1563300561
310369735 3364793478 1562333820
5 1354358920 1531177081
3446098062 3791009145 1816888961 3984555433 824702742
2463853907 1490848839 2789619690 171276786 3712365098
11 721177029 424605929
1171766715 1402568161 3987886495 3412728084 2040984246 4108439490 3785047875 1246131795 1253136944 2205738319 1466814224
849994186 4008712215 2228851005 1609868246 2872075692 3517658760 2829547769 3701117700 1644026248 2084886879 2526429333
3 1679148529 1366704870
4116689291 1348174498 716589716
1710661144 3422767308 47306321
6 1695411962 1975800132
1916406266 2904417620 1740437184 868273473 421300428 3316082065
3535720758 2024702667 715060545 2784024710 1913448753 2583296608
15 1680243515 442781749
2511533655 586474875 2814726946 606598152 653711414 3770638465 272232510 2393605785 4173894230 719694997 2616378348 3650968581 2199451753 1960871239 2720636259
4263987600 403673646 3291080779 3588877001 1935195306 4277421730 3068348093 1805486604 2327382847 2088317597 498346741 3012283635 1018931328 2625487415 3366739263
3 517115906 300695927
2053741710 1636000599 1048739367
1421273410 950653174 2798238573
10 1693998169 1836501298
4252824786 3292787736 3711440151 3181931040 2067435258 1457793360 1986251526 1374051705 3995498892 1587171013
1524869950 3264548902 3898575420 1117163712 2168337513 3550759999 186223847 1856320590 2416593406 3127025916
14 2147396107 676182061
4151260731 1701032562 757168956 3639036150 3398318499 2413280862 711751885 4121824279 1202437455 4106574596 4054362423 522470850 2351124084 1602407066
1795490495 1523173815 305452650 2454213375 3069380085 715091430 70141208 2796871245 470411525 3146468943 340498524 715983849 372389072 2566148682
14 29149942 296786872
1680076674 2334239445 2026953870 2872465418 2979175245 1910524436 296141674 4140380930 1347455398 1475154863 3106562271 144184582 501441158 2047501450
1376388492 1411071708 3663274057 2532988824 4284027569 4087749746 2295490686 481185945 37171845 998969771 1817020335 4271330787 1404051442 3420879610
13 1115916517 1234195162
3752719033 3860392043 3713413038 4263175185 461990201 3019913979 566378610 2435191305 2730623313 3186770700 1357115865 1034477745 1831340352
592418841 180806770 846694137 3767536719 3266400150 2791437437 498563722 3206913918 259543650 2355327990 2692882551 743314909 3104353164
9 60689261 97144143
47546228 4057491022 3863957510 2943752913 1977616540 3961805435 3728217170 4084310172 2362836876
257366340 466835493 1660592106 2118972813 905372724 3817128754 492082520 3281858721 1323529778
7 1203441266 1236353410
3764630367 3677295753 2369625830 2914860995 1565518475 2036112615 2941117167
1778419760 2232469240 3280350561 1149478804 1000411764 723174174 617572359
11 1718684509 127990160
735656562 2197791807 2046223644 1960262622 2298514653 1943116146 3550285825 687058410 1605250872 1016321035 3333900525
3846940920 278540022 2006435190 204353750 2085976117 2957104019 3136385757 4262899080 1487541817 3561891429 3936055407
11 1536855637 146851784
1714085734 2657317629 588887082 3988810050 3749165823 2440360713 624507576 3472607984 1206719881 1879649821 2485856824
1586047609 2156187874 722942586 3738521388 3414442255 111776547 525985089 2590575651 2695502156 1216957595 3368929644
5 874576737 1633121885
2750428926 3155500214 4064270574 2195813364 3851169015
554451555 3921886038 954499368 4138606289 646345656
11 1911181782 1319285089
3117853948 3309976528 4134309699 1238570115 3972830892 888175542 3414741064 4016483499 2374826929 144484105 415053039
1848325691 310344385 3958391514 3185890845 738360936 3603246966 89204509 18712959 540798037 2497742337 2160951575
6 1035685114 1404735257
2481514128 1782169229 3937813143 3655889062 2106908843 429028405
1650040968 1268823971 2521269330 3589920178 3664943788 1347992382
15 593296992 775954717
3856994085 1329595048 3077479250 1143048699 126006405 2953738080 1723359102 1783750531 725173422 2515202659 1306074298 1784856075 465624145 4256370121 1344639073
23593365 3246783951 1212679666 2006850252 2020140794 1450473486 3333057202 323747030 2259182915 650054601 4023363327 3778099317 4130422620 93060440 2471962736
12 1087991264 45903037
139052787 1554237864 495796920 930683934 2270249973 546892398 1322844807 3867200535 4164705261 3988157525 1490215310 1657417708
1996371986 3453317620 3579413325 1155508412 225948843 957853861 1317613785 2720858183 2995607635 2398437131 1129691065 3171645415
15 997318477 821761298
2079179074 1704594076 1456867953 2502074205 596246516 673639286 3291909970 1852581420 4184254248 3873061938 2976441155 2722187700 2997424938 3010082732 1839939300
1677296073 2434186765 3360147735 2173682113 1083826491 1449258150 1804991925 660905325 2983956458 861089480 3678970584 4135532592 4161434481 1880988452 2808324579
14 753947767 1446585863
2854413345 3004844336 1773687642 2360837904 206649558 3764788185 2766271104 2071666869 114627496 3069554773 2457238275 3063515220 3620863245 2105383678
2268202930 3697852533 1023426654 330530856 2926078665 492846381 2574090 3596662260 3701255870 3338114290 1043695954 3943010037 3314349951 4036795283
10 136264182 974522366
106561529 3946763500 3178436973 554489205 1041659856 1144138539 307509 378727120 2535215555 1649575495
3934087347 2227801150 1560393478 104674959 651825183 3198511562 279469960 2968108828 764701410 3957062465
13 1401908765 1837505312
2301393747 3485501673 3665857067 3640686195 482846313 2881887872 1949052060 3356063142 765439774 3234200365 2892698681 695366227 2192652135
920233719 1200258141 2319357547 2440147105 1250678627 2601134137 170114502 899056941 668145295 2034863355 1518404970 3729084900 1334710338
1 188405572 1141536120
4222543105
3704629420
3 1675823476 1317113921
10617032 2102367494 4037072842
1532111461 2344651186 1164175103
3 41871665 1509904280
4035363882 1990134400 983608467
1664088589 3137858940 3757381536
2 1330312400 1108241077
2173992336 1450144094
3468488112 2961011200
1 1561261065 12019956
3904520573
915894412
10 1216550048 364836843
2017669584 3797729193 322532259 3531791310 3422349210 1051389252 2432294905 2612264886 1967501232 3589126530
740400777 3532145005 728347337 1767426009 688383240 990267215 3871893771 1919200625 2179840456 2859207415
3 1135067504 982286621
988159437 3866122416 3574275228
452547559 2830677540 1883772237
4 1280515554 1691272685
2105605325 1485110565 4105095225 1264493955
998419509 4141822943 659504436 543668162
14 118668033 1588789409
402463562 999840840 1507238101 398393191 1746997188 1006444605 3448415520 351557961 2358974845 1678819150 1710927015 4044471890 324231816 1295217136
3120036922 3554056260 1009778691 4123689951 1857567652 3288975750 2309487411 3344712949 2991979200 3053526413 1685716350 2654645305 3335892645 85400364
10 215880369 1201465194
2011152365 3079790286 2089587817 3995131748 3572913305 2038796898 2590292941 2864925955 106418804 3474248596
3306174983 3022984829 2919959852 2420026085 1041268019 1570273020 1579055446 558604830 1455040768 1252913321
0 0 0
