12 1699738078 1670387746
1808637753 857985820 4197046261 4148116875 4106637462 153840570 702040275 937496280 1758854905 4282130514 3180017625 2083899287
1869771942 608378705 30600265 1190413519 1217147507 2153258913 3114611850 3910474436 918076663 1802880957 1124023894 853731690
9 1670323805 1225940245
1875751680 3501349384 135559482 122195360 1314529365 520959060 4025456740 3664949955 3358284720
3253324996 2247773507 3045067621 4045552083 3871432633 3355527522 4191332184 2858531676 845832645
12 1527813772 504082019
4146015996 2770505589 4158527985 3703307729 762151050 2976132587 1878459510 1124967555 1048656608 1233252471 86602365 2716345959
2817100688 3399618017 1871797201 2947820962 437509876 1990741891 337891068 1453956960 1198534422 2929186980 3293732548 208062760
13 83361553 898266621
1937634465 3295295211 1568012970 2027380608 1805302397 698464128 27213351 642284861 678451071 847978540 3456439235 953116875 636375191
633403784 2183606940 1782531225 506386746 599730057 3459351945 2900789356 3818099374 2385918630 1692249279 1623270849 386588295 2789606294
14 545929495 1386865675
1238614320 2118150156 1977563120 1804224690 1764081585 3645836728 1724275935 3122686497 830976869 409605075 2081426163 566262575 581021063 3277383648
2682488509 164716272 7223675 3750158340 4071517785 1299713208 4071862635 1520504275 4109545323 2340129657 779518878 1507513595 943418457 3419834790
6 1870687675 1487144839
2825968975 2574523927 3755745 1167773461 1437908061 18029471
888010846 4043877959 3448588771 867692520 2554980393 2649703984
15 1247521938 1218349499
3407684136 79555560 1907652129 1950606790 2367856043 2710041087 3562584665 3529404 754724790 3862513260 65397010 863755387 2430783906 101202341 2569571151
1428318405 2782984085 3064606307 1714125810 529044420 1850066109 1162556504 2192548458 1019930096 349869165 1609995648 2723028984 1263793145 1206819624 2096430436
12 1161678564 1557773465
1429457291 286126238 1958047351 380014770 1464957057 896950476 3007579308 777279087 431513463 2935831821 1925987076 2698877266
1694968827 619663132 2399203608 2524606633 2494719525 3135208623 4161615360 1597253943 672212307 630535166 1409720487 2550982759
4 236670420 580017890
813947715 710073930 2470988677 3070996990
1744770883 3535710975 2475731937 1043145520
13 1536135087 773986169
4184263367 4122097310 3317573669 490922682 4170541125 2753543504 1800052340 1015500755 2581907142 1842911890 1325516474 3035283468 1088674428
4014871827 1394519616 3280990965 2726780458 3496503559 1908611172 1357524069 3513491931 1351661388 95745720 4107060317 943708302 209809359
1 1897128716 1352605997
5948118
2599959825
8 658539237 85706462
1871841846 2269402053 2368870118 3406943346 4139943905 3302925565 1864399020 849780049
17878260 908666375 1676278755 2182554006 2323109100 341212485 2324123056 366244563
5 1950521914 1083920337
2728480008 2740400335 342374534 2326522828 3177812360
1584298290 2223194743 1873129356 1239563868 1091897980
15 295107662 1334717505
60214230 2306657796 107486217 301773114 483308133 2920452090 1430536799 1256006637 333584475 2705393105 3172826748 815141779 4136754735 1325413046 2976241590
3663813054 2441672435 597686555 2370043511 612325938 3342409495 3628143540 21117825 1821154956 3954313821 1494967977 443086479 3486972365 247745631 926948589
15 1682906579 103741810
4030406730 4110971964 1871310372 647861655 58034412 3361777344 3472143224 512290035 2086589225 3238548230 3058993070 783005226 1182445671 3665242725 3270761665
3417218625 963307910 2025867544 513364266 1556320189 4050490585 3709946775 3053896575 4041064910 3726981912 2162162428 2036116173 443451094 3582045275 2443001927
3 1680764096 602252028
3943522815 1994988811 1685603172
2610233052 4126610577 3810175929
2 1380470554 155262084
3620694697 1712932362
533424359 1862762628
12 2124022693 828720364
1171409246 2342513456 2802183696 3471559480 2253480710 2901802275 3596271775 1347530602 774749649 3342519805 1897378710 187019964
2672564805 344813868 2513363933 2553410813 985833753 2611505255 3434696853 229561920 1987451564 3084128061 4065534306 1622495235
4 1092020946 1200775354
4042289967 512836040 2308200483 942871023
2297948961 1708424281 282248220 4166356650
11 569405914 818048760
692935027 2571837120 1005569013 2850944592 145264320 449627016 153245407 310420150 164036337 3728141045 2386424186
4235109220 593515066 237102346 1060676890 3680606637 1024372293 1514347905 239000118 3860387375 4175150078 1154142796
14 736520844 610066994
1296937764 3013812634 517973976 244489071 969630546 2285350639 1077828550 862597845 3530160616 752429043 1975247143 2408070152 319923125 2018571929
933160156 133877799 3176212095 4232944080 1095384587 1886145240 3489261160 3518305380 3936867824 45089157 3343849805 2645624265 3284060702 207901329
6 1041808892 1247857047
1148481780 3719043576 3425749473 1200460902 3049651887 330419654
1718284800 2301273171 1891774912 3130410684 756977235 37941256
14 1827656730 1968041263
296579340 74807527 2430183089 1853513349 1669722801 2589327576 1272578067 1542033852 4273599633 1874660526 2665845864 2107415009 1083310465 3065628390
2020419309 3143678940 610497953 4103360783 3534464477 1846669316 1339602706 2664398062 2010971277 3794030692 3522825222 3826159009 3500868645 2006770925
11 65775036 1674418688
55815003 597193491 1462358327 1712184285 2035841891 3143761135 1053105080 110734408 3743719509 3286100850 3987449679
4179870387 3948602436 2651514881 2857829355 1448267587 1299333355 405790809 2966868972 3553584227 865048203 3054707028
9 1482468616 744739812
2111660895 2569565220 444039933 585102414 3476100369 3094354005 1263398047 1004721288 444749993
2757968549 3206904897 1294085067 3704127030 731687495 1537795860 289920563 3076021364 1887990452
1 742770546 422109805
943068576
2202962172
3 483075796 1566700906
4063212189 2404140363 395021355
4013201878 716955315 3396682515
13 1827796079 15112612
708466516 322407975 946912644 1116745959 1978163166 990257751 3666163545 1030099776 2081478754 1091019831 1640702976 2338354599 249646320
2261621774 2133373440 473997868 1739639892 4240461357 2532501465 1077111135 2222024236 2332209965 2140788802 3249376455 1593753742 1660959230
15 297951465 1885874292
2117726370 1841584214 3414944856 1640971570 3384020295 2941478659 349182117 3153766556 2638867347 652559157 952370700 406045032 787676985 1013071605 2847314520
2322438309 1897023120 4016395622 2347613727 1870881888 1078501344 200545327 3381388385 110623350 2804410608 2488958772 620674475 3304241598 3536117312 2710534764
5 899252675 1897267980
395114190 84741663 4207188628 3154095000 3047675281
3524902515 2358301368 2953333439 2041247866 1241693038
6 26943680 1870847084
1404548637 3989907400 424488871 3171367494 514605378 4293579537
2840189415 1532961780 2585100788 4156488138 206061935 3450803793
15 1064812038 1314675409
2693071266 3360215319 573678255 3444205436 4122229409 2881005660 2793721360 144719280 3499829100 2033858636 3332092491 2259317845 856623159 2446231356 3764924525
1402938716 269474095 330118772 4085529462 621736707 3359986950 384831840 3702109929 1656119772 2429529120 3487639230 2891720002 1399323064 574193535 954878830
6 1058721955 37865484
1170395538 2189692795 3260609220 1287802409 3853185357 2182467395
3990036129 4181948589 1831741575 2285590610 1712973794 832780048
8 1808695991 1122480646
1759559016 3713100985 665729799 2359162250 1439210082 820453364 3286876332 1826611140
2368567455 2067991203 3148176730 164956944 3607046152 899516073 371365535 4028368591
6 2064122157 1250242255
3568028065 235136595 3294611473 412125107 1207907025 601289975
2188177403 1413825938 1582646154 2056555025 3658833530 4165451988
11 1260138549 664849523
1519267314 1003618772 2369866776 3962602601 1525277043 3817206998 2413640686 1305365640 2251791195 4219832871 2058531700
2676024835 3464340141 2893725746 2182591698 3567775438 1150271160 1168468015 2617799060 2312161083 4025376492 342522865
7 1147966313 876721137
2166190180 1124313525 1226742825 4056023188 2710975215 2957773598 2208916486
3811109201 4225765335 918134571 773090925 2868591339 1877426876 88301214
1 1103785303 1355827929
787686545
3758296424
3 1966624004 1128807445
3248176775 874457873 3989638375
129942244 2803665725 3788554852
8 1542299664 1302816752
1317664760 188451405 2280633766 3815928610 306542007 991777440 2549519312 1353645135
640365426 2583294915 1227321629 2791540485 3921023769 1585545651 4138434756 2452377840
6 1151919257 741857888
2683515036 1275648499 3550393601 2388771360 1493595469 1255187970
392904255 603296876 1461520974 1483441309 3753124054 4276826268
9 1158715529 1150168101
4041579263 3491271885 4068091149 1123507294 2852268953 3962991010 803922786 1594753272 2819751087
1275638675 1718475805 658984305 4159114590 794414985 282188118 3666414956 407624511 4024827333
13 959544384 1607739759
2402093340 1858629740 3045931321 2988457431 1675472742 171322551 4246464212 1027935201 1453418210 1201302480 317897989 1129526666 4048431657
923982255 2956311819 2387455764 4201528317 347138480 482150445 3368459435 1027594650 458223870 1936920435 3413677320 2040053664 1022425050
15 1936899121 1906388615
593917287 3606869982 941694855 242839475 3776170923 1718550084 3429604330 1133453517 4081140360 2670913074 110440908 105043910 1655869790 1933284904 958635960
2246385666 3620184504 472874775 3295976819 3103702025 3603451809 1349641068 1746139707 3011070793 1049792125 438169220 3630681396 1463003916 3133007574 349609749
1 91100731 121612447
3661492587
3834905316
14 1889161815 596887004
3788174430 1274282385 3433872099 459274593 2079457140 2181235530 365665965 1785027234 939868084 1884072153 4034611920 1223944056 2698685716 3790860141
4229482695 274909074 3430131654 3482708570 3159339623 1099927805 2298009996 439089329 2804660718 1525423848 2820290869 394187806 441624537 89103658
4 1299056199 1918764385
3857770955 1378247361 2268502665 2054991216
3772049680 1472705850 3783656700 2865807837
1 1123884702 11494343
3386292875
533405866
5 918859917 723702636
1428300936 541769647 3105316730 2409927977 2687927637
3700914392 3971909925 2802798630 4202480481 4014758222
8 1248521329 835244860
1062140079 1871703363 2267322745 235785015 1281480553 349486633 1828187873 3999264028
1400065629 276882154 164803847 1452351950 4054272120 2883888930 3996704707 606980652
8 127249677 1939075768
3018992136 1418623932 1088103400 3974920412 4141368430 3251233070 2417474188 3197055215
1084228852 4251963900 3789632733 1705619323 4217021085 696233160 867970380 567154465
12 693543454 1991062303
3714536040 2878387029 49801592 618094406 2863649645 907234347 2823299394 803286288 4086252115 476583864 2635614729 78348433
696188379 2611188777 2451540476 1227364383 3738966246 3667547325 2533838789 4161974093 2000364090 200035779 3699846537 66018198
1 2050236656 1952344471
439753218
1158491814
3 1252727709 664913169
1703379870 3136039255 737590422
104044459 116964621 3658494045
2 1149463260 266105602
4079605065 2903418435
2142188470 705064278
3 1771168052 1750602091
478363445 1666324861 883740369
159750564 2329193691 1480017607
4 2029554605 93980481
2545501310 1784401175 1810425465 1357634450
3892717556 1955894754 950834664 695160770
14 505202008 1927275059
4058007605 165394992 1035501365 2570625984 2600881157 366884091 834960939 4190185989 2822511645 4011512770 3481173231 2908355853 3523103199 1055780773
2374131195 3543445249 2748523420 3580157055 156277153 3818803141 3340946531 974743472 3304911903 424931730 3974753006 3657414346 1582864195 569949391
4 1570054932 1781654629
2284971165 4116780159 1528881669 985928076
375514139 4256749087 3014561548 1261356277
5 193910490 1320896125
2031505347 2348532450 1379940012 2897655709 1590734720
2080649781 2529548685 1816448773 2954799659 1171031612
13 1773705746 1451952209
3388158205 3795260438 2120477034 4097724509 1137521478 3498881226 2664399036 965435072 432088581 735785870 2454962380 3130529871 1519766700
784280625 219289990 4244381688 1559921010 1861588686 1415844354 1063370750 3854254737 649690827 2678969261 1934966126 1908688853 1564810911
9 1659640682 63318332
1875322066 3990402250 594944293 2573471560 1233604202 1356385544 628163690 3636837570 3524994034
318217035 1905435840 3355121721 3779987079 428481816 3600708290 3232164175 771937815 4117481475
2 910930533 598531862
3412803765 37018840
123458447 1676407968
12 1011342184 295003677
1378002712 447926810 1772727886 3412625636 409055899 2418901522 2706163235 22737420 3949331346 344126736 1802184549 460827930
1119323649 1315904351 4076300938 555091555 4147102385 991590301 2266240949 1115738242 2305749945 4244617730 2716668102 117020822
1 1965804037 232523958
160906116
3900311190
14 915918673 682338609
1495699100 1719385055 3031192875 2866972182 1526550447 612557223 2067779252 3353861790 4001890581 624554109 2461854890 3756376011 4001833147 3557839827
2036891333 2564353930 784499216 2035971924 1581488409 3974184486 2551466769 3305205927 4225739672 2133555333 3516799381 2476455915 1607731989 3369439797
7 62795142 983464111
2170802072 2144778650 3013808599 1901473831 2310778985 1781292920 2717792889
2582517639 1902250331 3703211434 3775264047 405800084 2029207668 9832200
7 1945266250 798805016
27037571 4049770615 3272832459 3189594005 836587415 1528378916 1533911770
135013805 3151597618 686799864 3409941050 959479692 1138360260 1638941125
2 672553765 1404677388
763283383 4271278820
2045749750 1713290368
2 1541087206 252387969
1576995392 2413679512
2475565500 2832578834
7 1525875033 131950351
283631301 2226461115 250032102 1602811002 2554086288 3242255574 1188364504
1266587460 2292838832 3843794391 3501966735 2593675476 1267101948 3426710520
11 759508683 419620607
124467498 3961374042 3526560490 4063118598 3788101200 888413182 3750159422 1390439061 1042194090 1045623612 3474770268
1365076188 2082582951 1867608198 3224310372 1158451535 2057875674 1422121580 928161032 2969333669 1381280840 3348988401
8 538075853 387207048
350879343 4247649745 2960150184 1404994242 1854059646 4261097911 3135595515 3138497349
920764112 1537632492 2534939763 1869263370 2533575311 4246016407 1575246 347696267
4 408092232 1890841547
3670018456 147293475 3047162940 516276448
2280064554 908059695 1356429122 1342018683
7 680498685 1790961714
3159504522 3154983640 917664161 1943315780 639487672 3995250145 2271404152
427182661 2490736980 2021436630 1683395369 236084115 355330568 3390057141
9 356481180 47283971
1024889570 2516484249 1282100492 279128274 2802444141 1182492295 56348926 1606063278 1085705820
4232042185 3836356910 905959070 1726902270 3773904561 2777317078 142608816 1047605512 3579487467
10 1349166417 160125040
769659915 3116002195 1935385794 3227411841 2873293339 3018484225 2521972071 4264627214 2112611367 1857028344
2928334086 3384737976 1430824145 3893198856 2539511709 843818103 3624953322 3256305075 106625510 964417293
2 1931656615 1842419800
335589325 1100533002
2090059674 2313880424
4 1000786533 1127320021
1441383868 66531110 1646923932 2230278318
549953277 1216967189 44156155 3086858523
2 930965188 166045868
2655285186 3381593325
3674585325 3071772735
12 612538580 46777183
1653791676 965449386 3594204894 660278623 2054941300 2575569102 306907212 2743691778 2569849919 2927108400 1961703139 1507438314
1361352885 2562993805 835039785 25412097 614535404 3495396550 1464912542 1483683126 3459529784 133474980 186631823 1539227700
5 109946146 1028922596
255002901 86820446 4166183173 1310451862 1484234770
461334168 4132403520 4239393652 3117445190 3873000792
12 809923789 1637750231
3664356126 3609033630 2232221805 911360089 2482697930 3109456605 29322279 4249430320 856027892 3439789395 147024060 2200232414
3851320911 704563245 3303398056 522324034 341340965 2217297965 455971010 1388087493 2718344693 1574409636 2522437855 3825402303
11 2103882398 1633198525
4151475846 1881661395 1328453865 1309806907 696562020 25061013 2232797780 4026607037 2144299358 3749544189 260702793
3641592710 3106312920 1904056680 1465117881 1822611378 4130482982 406113426 639484098 4120063455 249564293 1941708590
3 1604998409 666153290
3489351707 1186492262 2158422439
4078218746 2255753851 2241775065
13 291069864 43439576
1365724125 925208046 2374547034 3508473753 7025391 3503533033 984640693 192905190 2168886510 4003497754 3156301323 177158255 934457235
2085558770 2063283810 2220394578 1363990002 3436223325 3697899940 345401913 2703740316 2383315360 399864668 448930192 304125820 3291148662
11 660077909 28879355
983467584 3842448084 2616831480 1846970630 4083953685 916681692 3841552812 1514863046 2569423790 1844142039 1108637669
4138096330 662147892 2040043722 2654391835 4161822835 3382364970 3981338431 1981482990 174071883 1970326163 3207413277
1 739758444 1337319019
2997905013
3196280310
5 90969149 57597420
3023397320 2414031811 1561867956 2528868644 1438992715
1862479521 1675394328 2137161628 2597199915 2630692407
12 843072092 415530532
2378891076 3118781017 3702775525 1353273861 3949012054 1241433700 4037691420 4003572895 219103113 1347784023 3580979277 3747325260
507268710 1506820947 2127919810 2070761239 3398865795 4109234007 1379557866 684294433 3123421542 3376128243 2080355853 3616742720
11 267692407 128027178
721089072 3324396771 1102537165 2139517785 2148860551 1971324552 711016740 2221763655 1507476486 1852190715 628558896
4072944015 2593722425 6706140 3237774831 4161143637 2113666355 2347445025 2591758440 501135482 346979862 1447424963
15 862577970 1833307734
2221028205 822161312 2685368114 2251877304 2962370847 2185941966 2812769831 1815332625 3814982239 3795103561 1261471506 3093207086 4236828105 624278003 1874490318
213260350 637284162 3791219813 3287040651 1948624154 1287546516 2536250673 183682299 1317597294 1077473061 14383797 1463254620 840570264 2291909292 2409460941
14 880156751 927136715
890137687 1254866150 3336782760 4207581948 101668713 3634120955 260047782 1808026140 770101905 1346638272 810416114 174345060 3579221940 2901487767
2143546818 1695906583 439523882 1305113170 2488311174 1010696961 109582596 3815595822 2164857190 1219071395 2229924902 3715369916 3276795849 3592154187
3 1753392892 1503714904
1072642850 1454766454 2972569223
1189042689 3222886983 2662509574
4 1778775668 762785383
4215353956 1356526397 699875035 42808916
2957988710 1620741390 2397397187 1022783784
12 1953731718 1344004990
1650847935 599461636 494695135 144808260 3725621876 322322410 2926759050 3952465060 2115154473 3645813723 488292927 3358656902
2891637102 2210502197 2742973967 1582501695 2923243113 909250095 3296081956 1490057697 261461445 3541603464 1251723014 1859681418
12 969735492 1091000155
2448461049 2738051382 1156447129 2106135975 1508807675 3005059665 315515262 52407542 3103831722 3861761892 2680804494 4169604965
302386578 1848475063 3929287905 259285688 3857203876 2894242860 2722275977 2718353107 2516535433 2186289297 247416290 477454132
12 1659352209 1509919915
3108013194 2819412068 479810934 4233577218 3423271794 568325196 2461252574 3698762078 2515571829 2410425024 917190060 3118421346
2103210521 3311474993 3383985118 1510391299 946102585 3536826095 2253332282 2566025610 2901275133 3687598205 1192287895 512024368
9 191799315 198116252
4148479361 3185330090 669195336 727958585 2463793260 3255215693 3161327595 2637321516 3270833616
1687682868 3793701009 1295672102 2925365107 930033702 3592907616 4036777640 1156380840 1086447885
13 1489889177 908057013
1134906606 3550478830 2125502830 3928685973 1490626631 3132958240 167620245 1480421815 36766291 159708895 1892086686 1037018154 2554136151
1248702925 3901102984 747012232 4085799792 3974821793 2787508387 4189363565 1630344480 2870309463 2444038850 456894970 2884333470 3071281639
0 0 0
