13 1134787580 572571247
1204328855 3690311917 3596285040 4037376621 353500630 3219281247 52528545 1161862050 463139451 1719722268 24577480 3956950969 672720455
2116336170 863366681 1669784822 1486666651 3314496460 1417827918 1948731043 3232639490 2891508103 2060519643 1445505468 1338704407 1236637526
3 185634681 1815811317
1534611585 1307675115 2408261489
2139949600 185426910 4181828703
12 1103306710 1902049966
1117129980 1203074483 1243426150 3700977945 2439346535 4015826249 3982146063 3656948991 736974087 915131825 4092145206 555899391
214400462 3467834322 1337109225 171521738 209294343 2006754054 1161679095 1262130120 2957681269 3363213825 3602732683 475085019
2 1813028700 927876811
1291593102 1370228790
905668986 1747750464
12 1321211577 622047853
3241026726 996870766 2819465820 1702948250 1194079967 1844844066 2227828915 917262088 506639655 1610107962 3092062290 4215630270
1393525444 645029064 57726385 2472536165 1645133337 3834730540 3089124393 916344732 3122893512 135087166 1196822137 2622126553
6 1016965446 315887643
2281232170 2349868305 2837243451 3909518397 4191545845 3073644478
4180237355 3493802421 2699796047 2864885000 485292959 3554080071
10 115186004 1048386475
4020108006 848835326 3825584270 4004668560 3945398753 1078171875 72107670 1499760994 3950641368 2027537954
1140244032 317886918 228818051 3392107344 1042670826 4082241022 1534853515 971600989 4263578109 1136607369
7 196958319 1006150600
2943001560 2023863682 603681175 3989891625 2573061539 2054854223 222048070
885621555 924471410 378721037 4283778711 1480770962 1709075193 467249026
1 1317709274 1888383448
2184761466
3340779324
12 65615344 1137958891
3479393715 1253861970 1214170582 922849359 3377404515 3735427191 3692121240 431595232 3086502063 4281320866 2465848452 3603593475
3966650590 3878603255 4234251000 1529057065 752947220 3384220740 2066051743 136157641 3064996047 2752165262 2827868271 1825256561
14 1627909745 1337404629
1361879430 2026227066 1481854487 138579023 1836496308 3298699988 1700745588 3710501550 2781425508 3582318535 2465636381 3251994914 1493691200 1227452049
2226570759 2908163252 4241264985 2899437286 1613501359 2517775590 2213694465 2463326003 2437421128 851198283 1558359195 3600715401 738952951 1019754610
5 2125372952 47686907
350600024 138102765 820471380 3042251246 674045963
3758919644 234539461 2222269920 300284963 4276587444
8 1070933085 1111897282
1839878849 624024085 1773633111 4251217161 1734772111 3350438198 3482734692 4093287750
1096130700 3103718466 3795362835 2803981800 1922768676 3186511947 2166538995 458990580
13 1579540067 137045049
263810131 2190908535 1606461036 4040970060 1072812964 4063319265 4104671454 4275044561 4281306013 2985434166 16768016 4294598199 4174192746
2369937977 2229370374 2802853519 1741349850 1438973989 3299719080 2293866855 2104779504 3369269541 3340094895 374404027 2118097704 3644367695
9 268238526 716714623
98890591 4128369342 111810013 594159495 2082568797 2865076082 787073595 387209025 2186412255
2168578107 545239290 2896210744 1467538362 3238911429 3938787200 3508783404 2437260221 2830610891
15 1107047294 345535844
3446641821 364164072 2701678986 2452897120 3603098841 806004936 858302955 2060174175 1200280380 311583795 733919538 413672155 554306182 105964150 2745934078
3672491239 988690099 572355683 1175108358 3088020568 1661758137 2815461588 1871646827 1815964327 2989170432 4026980115 647412280 3375417270 421742004 1747220724
1 1606733718 1914204242
609886330
1783833851
1 161361412 1876872164
2636463399
814295416
2 1400852890 1271283363
516174601 3124431122
1346138473 79549662
11 406242690 870360211
3382148154 3422214410 3477628008 119949021 3409951010 2192426799 1878105858 4058266866 216417858 450131392 436722735
229498867 4167842333 3200615235 2268899299 4246096965 1680715917 3747434678 998753361 1326305258 1386528907 915435504
15 745670151 1911130806
23936994 952758070 4281861141 1707455845 2881999209 3170361129 1174100750 2563898668 2545982445 443688801 76581974 3705972035 2149837695 3104480310 3943876890
2761332237 796011531 330916525 1845772965 2759825353 2905290514 2955694121 1338355923 3405469118 1016375930 3356507168 4053749421 1212202119 2907669248 2830254853
12 2089869616 196088974
355170927 1703371271 2744607900 2075008913 259095842 1731586079 1497948262 4091710739 1599402315 2497428113 2700494588 1764696123
3642172465 2735083320 2872829094 1260824187 1700459719 2188224020 3210282426 1896826050 909688351 2349761694 4156881985 781407552
4 729304154 1725726043
3238197042 1608176421 3322899750 131813350
1545618452 2261392022 2695853760 1168195425
15 903537499 897860950
980026965 1157917560 2598218199 4085420130 1563145657 273545011 31425655 1082555885 4174547484 330809035 2145552168 1950397825 3835556613 2655868256 1824677455
1333970455 1975732824 1477834482 544083822 4228105023 796782823 3809998296 3018259570 1854836190 959611926 4288950346 2881408999 1982403002 2674231222 1990353146
11 144184000 938917378
574131234 3166064960 4166441036 3494836182 2202648192 3307448787 398051342 3733163907 3797881668 4073107938 1843683498
3204676125 2303403021 2152274355 428650831 2151624028 1764353084 48198965 564240660 2542945635 1666276590 906995118
9 1209212280 1593021593
1784558480 1027688285 1619756862 4145455770 2720740447 3295364805 1308121259 641717603 744231504
1149797395 3713411925 3261428765 789307751 983696639 795445533 927464652 1153476456 857509115
3 1150678517 1363577178
2813521691 1831712274 4031108420
992026170 2725118493 4213183995
5 1881126655 841422645
3013594230 1657404180 1899036914 3419855854 474680961
4088924241 931277232 1333500894 2126305290 229210175
14 990892020 186480849
408250628 2377282368 1178543569 3565804777 3781788651 2735111490 1200017683 982990558 1430653936 3156219695 1049855814 2989885644 3592774178 896350465
1639930437 700111521 3780493558 1310655819 178014140 2230563954 3221401026 2348090355 194741705 964400745 3238171331 93492696 1225070361 1998561960
10 1136006074 1724447082
234060180 1965443514 1408003179 852830455 3746785265 436757197 4159374404 2159733658 790402845 1026556525
2935812933 545110490 1410104933 63612590 1963087191 98247908 2917474233 1276482197 1029248002 3070659411
8 2142458549 1442506988
2226450522 1233212547 4135270902 2034240378 1494502213 1921721440 565464455 3531618350
3985892061 3112074225 1911047676 1180794 1972648000 3799323738 1146045763 3182967699
6 1412726406 1113487604
1531283830 161523397 2670755581 3048018975 1177309981 3372747126
3600363401 1803244736 3512419870 2357058 2922310605 2766138209
7 1086936933 1653114743
2876402565 1781857371 1365931621 809128578 1034527656 1875464803 2336082707
2980896305 4276704187 453630246 1425820900 476678544 2879564745 1470755949
5 1348879895 1787000727
4179454740 93107805 3016211055 3946412673 4146576204
3481513875 3156125980 2840726051 4095640830 2480048715
11 1256697950 820760599
636861465 3498685329 531066011 108603402 118615512 1244283337 1299322727 3598767630 626142319 1405475412 1460404689
2879281805 755157067 4108615923 162313419 3354157716 3172823343 2859939801 738746442 1418182184 814867690 545931570
1 1621562435 32347809
2362982517
1713105666
12 806075143 1378066319
4094678382 1277194938 2494561620 2732320975 370875366 829162785 345343492 3316543955 3106426535 3928977183 2692432656 2322379518
266982027 2247051732 123489795 696646561 599538327 1718407077 1715167105 3922646557 1360734587 1345390765 734400219 3079625642
15 1973113401 674436827
306506478 3763666710 687085767 960652470 778134134 3509421083 42158853 2324166273 3067591943 555302430 3968528719 1919127450 4191128872 3651284090 2339836074
105188560 32415303 1588773795 974713245 1054764110 1812006170 3673082350 2130033981 115764480 2374047126 3050069188 555811980 3312717504 3934765664 746398872
8 1665427224 533481964
2696524268 229927005 2400497977 924331683 564479973 904115085 472963961 3640728120
3480453316 3837464970 3431743060 922605114 1065336732 1151784429 99728679 431023000
11 2030662855 1540469055
4129672482 1026347118 1925565678 1935714156 269339545 1623313126 3085024073 3997143390 890765762 1014653959 2917424714
3287755394 3038159124 4082536060 615761367 495191936 1566167110 1272975006 1388740149 233376260 1911056520 1207231554
7 741041840 1432519121
592839874 3662194162 2407951500 965682753 2864075884 2757922548 3260221316
269681884 916276275 2033527380 591342740 4247736209 2736836888 2320511631
12 657266550 23008876
291134580 452345731 3223483669 3687082121 973738203 529660509 1264036275 1582828690 3287267088 1860660522 3167215926 1558816152
4000144566 4289260293 4120690968 2453455878 1483808955 1608853395 1378974986 1438076925 2260952304 3574483680 2159210115 354026210
13 1033369631 1143118122
2392546775 1307224154 2709069469 4283047290 3251479687 3671309867 2893994115 889257125 2114795031 3486320027 2802515865 1493092344 2124797625
4130545349 808624485 1741326288 3907343026 3336802000 2815339977 2084754369 1937554770 3367596740 2608868088 3111031389 371960160 82663269
3 1584142695 184002553
3593358483 1992335096 4120802598
695989125 3557461554 1775448680
12 1213497853 606203006
4000434282 3762090912 3244207155 2482675903 287182716 726242815 3236924832 3342729711 3185216571 4140841020 3851483403 3192218840
5487447 1198288533 2383889415 2320054056 3046876920 447868055 988200190 3882034295 608332266 1923850494 239395140 2358917514
4 1120911251 1428827267
2139778134 1000259975 3428392755 4253025966
3496616229 3961705554 3475153124 4023506265
15 767151349 20889249
367993930 404460524 782472181 498608330 2237189535 279959230 2580841689 4145278480 1763086784 578970006 33253411 341225340 909019165 1093700427 2807099119
293605324 3657867922 2700885852 1753478685 1212688116 869329021 4136023430 1055013901 1486328631 1686124155 4057239630 1444311448 2149525665 2966812310 2775843132
3 1868282528 1866028503
3170758791 937703460 3987543035
1829795685 241249720 3733637272
10 1328298764 1624799177
3013778980 88133190 1386169428 2395106772 2288115840 2582517883 2388493260 429235433 355571280 2327697432
3108878025 4168772742 2315071011 4013882443 7699770 3207516738 4026231564 3951568621 1130277843 3682819600
4 900380208 1520362288
3558364377 1455732780 1215846660 3597324510
3048003609 3761965750 3499195758 676257231
11 2134023167 1402962416
101933465 1596987123 3104186595 4066644949 4203003638 3847178340 2587707802 2861702032 1264733535 3319646143 2443454705
2942566372 3073515725 4151561395 164072397 2765144235 779318110 3792568659 297035799 2138992206 2521849903 299174824
10 1885613209 1085008078
2979997783 3266563119 2798595450 2194334592 3527442047 4082359921 3877727115 2535490965 1839007605 1162845615
3638891795 3113068130 1271473530 3366424830 1766394397 3683126292 1300690485 2745967950 1030075773 313126729
3 1290607333 1652594225
3462044850 3288989570 706570692
1282631786 1669406100 2179234102
12 363294919 601678406
1269611352 104066670 329754627 332344695 967623360 2141895928 1436771577 2212024173 3691395075 1128824250 2343030450 3859219713
2821025305 1537901506 4215384063 3219129950 3351348774 913045630 1267590259 388624536 3060118002 2878752131 1103334324 2831956314
2 1022107840 844757721
883224738 980884964
1410322132 2302682900
2 1449918248 1279034821
3130818515 1582472764
1443790389 1694763075
9 1964851308 1399876831
1361760590 3958853059 2848742454 330731849 3535388578 2723015627 1298327721 485004582 3399736486
1045689250 4153581356 1540623375 3047908926 2502045624 283529120 441585045 4027668732 3940156385
12 542099760 1445018940
1028537085 2610816496 1951956714 2606138962 2762942635 4249883985 4197814500 188339520 3663692984 4117147920 2716939596 1198080130
729445241 2804459190 669014379 3998901210 3393325341 2056424724 2034012029 475488252 969019493 2780256637 955912187 2082158874
10 776180562 1451016850
3587930379 1563476874 3628945713 3358732568 1323497447 424123183 2882122020 2529260994 1996072080 443960013
2523350567 3877906606 1576695895 3347405777 2808430687 3513954080 661807790 1894216264 2458026427 157352281
14 615180589 1353865859
3373432207 4168497075 106098144 3452436795 275414643 4173543012 353217524 1125113094 3943249960 1809893565 649957530 1388223665 2917926463 253284304
3491058460 2974212408 3523382206 1334998480 2065527160 1923612903 3229647138 781137531 2591361210 76911813 591670747 3829740422 2046102780 3349636254
10 1253280063 1358392259
1050195629 101885133 391382215 1728864147 2411762533 2054624469 149921064 3175006118 4262725100 2504360646
33289778 3178569130 2192423268 696770838 1184691651 4248663335 736389806 2057190603 3037552264 2264606490
9 1909004830 1238474824
1618660712 1404416050 1767566700 3352759897 3798344494 3134738757 701310260 1433888460 1072350987
3544360190 2611502603 2698646040 3858420247 620238840 1638508270 2074631517 2467410948 3572692812
12 1511893354 1365072568
1583621508 2622560523 1143508005 799401282 1994365620 4024755575 3392825948 1647729114 2163099975 6816323 43523885 3978671364
2605496211 3288150770 2002611848 245019200 1022419238 3632424622 2310075819 595285387 4030881753 2897655145 4198741938 1764822575
6 1675493081 59132450
2163947881 2274008517 2183219807 2065339350 2047989336 1926872121
1114112466 2153335471 1124798037 4235037909 810551527 669497613
11 144410835 456365929
1932437481 3829313903 856039749 2286138708 3801273882 1363143256 3923822345 1000757745 2000364261 73239741 3759550995
1286374719 2968799876 1688882413 3510486882 2054261798 755771082 2088377970 1484323503 679786540 702327180 4021466040
5 911314441 608422677
2706219900 2344936242 328894041 2636484428 814713595
186084870 1167308325 1152356635 3156290888 3791967358
13 983872368 318790270
1872021415 3994302481 1986752805 4158438962 1889733543 4165467010 1260046614 1030828130 995708666 1815623420 4126631025 1261134216 2608757280
345659580 2991743258 2478732302 2313731339 3722728234 1880263571 2163535954 1600495832 107573371 436082353 3113343420 2447839490 335222411
13 1224628562 848951880
402323535 416290275 188457444 2579374440 381678852 4038504955 1243136162 3870034332 14792059 2552303437 851269599 272207961 2565840116
1742554590 1771407849 1375412735 860175738 998041092 1885406115 3044714224 3177578001 1471775349 3061929992 1662428052 3711507210 1702176828
4 1343310111 517437860
831413770 648277881 1746687676 1068464427
992991723 2691957385 1154673105 3181313182
9 2128756408 931373430
66623745 478718295 3885461133 3653076059 2783081666 1490268772 486707346 2720770542 2687109603
445934189 4092032634 1671312197 1140431052 2766109805 3928004690 2867425354 2472194205 3766053345
3 69001606 68805856
3347497663 1685969545 467930680
2988554545 1281095200 3640061284
4 1340022250 1092932855
1410716627 78402045 1669008097 3587618367
1755799722 2807225005 3347298007 2667499536
7 1345125367 961674394
2106557072 3131533545 4129762664 1547499183 4165576953 2291443062 729645525
2073737527 1875868944 4084637570 801986100 1275396388 301672335 2822352859
13 622395423 207013018
2947427685 1365056934 1298118558 3068288985 1712966395 883477675 1004966161 2179171216 3067159185 3589488100 3112164054 110012409 550608490
201275675 3636925975 4151836284 1456207615 475088521 297507147 2579793260 3169700844 2791828707 586690185 2656876995 3479710343 641087320
3 870041831 576884388
766900071 2982809955 968199427
3656679955 1575266277 1347656180
12 1694216085 1204048216
2644831488 1773095752 3383723418 775757400 643330827 3510308510 3085640943 1379653933 2673026336 1211012406 3648561079 3782395305
932176509 977859507 2611423346 491804071 1326241076 2999425954 2768134820 1511210400 2064145513 2413345515 977976888 3082553613
5 2104182425 233301373
1089149524 3892877260 491056203 1478779771 2201096480
1772951980 3514986216 1153920880 1126214075 3181652374
12 98494517 1834922223
2472091392 3524521782 2530530288 2256534253 2970535243 1565949633 2566510378 352688685 3113295119 1522254742 2986098974 4077929772
2447910115 2963079926 2127424751 1771143519 2869554411 809399931 277251660 2113927392 3493932204 87989490 831390990 3244864817
13 350989313 87272123
2945649708 472454369 2309326434 2783359340 1451541860 934025655 554206080 1759696871 3355593525 1655753817 1018636881 3480294723 536504066
3026901939 977552319 2816121928 2726842940 3136771098 2558129033 1702248468 1765829382 1555296065 1813022484 2754913250 676873564 4099061025
15 1959365368 1539480072
902305013 409437177 613067957 3149533349 480459815 3607252245 2815688359 774826160 625871520 5287427 2137196827 3639162426 2112378817 3507548121 4265328079
3991025505 1636366908 2910528810 1837451385 4176720897 1033268020 3677659704 3897561072 2632724455 2018991965 3440015556 2506054425 284074864 2761537630 3114812013
6 1764655460 1815134344
1242061590 1899946511 3787709360 4117265777 3055673673 148085505
173050722 2210529045 2626636962 3392995160 3532447340 1048607745
2 1098793580 1211801701
314003555 1733096173
3792228519 1527883260
3 599186621 978701558
1018566207 3739397360 3211192554
3624810300 1166606404 1022295810
4 863294029 983209465
2272315345 3225893572 1903686555 3331938396
1034249628 3910355586 3067234149 331340913
7 1156279194 1004875049
1858621995 2970596813 132655488 3246912927 4200838803 772495537 1562578133
2871202980 2231958736 2983067880 1028732599 919591446 3463427728 4050831357
13 536166077 501856521
2768907083 2869448972 2283695190 2016966497 533566155 1861071469 2429317771 4151202370 2545326114 1998246217 1751725466 2676650052 1364497048
3564988400 797134761 1290796855 2808258575 356792827 1174607185 3651034806 1868634630 1818313564 3870355849 1311361270 3704672489 2788747269
8 427052751 585220977
4118225925 2400133940 550579476 2000162168 1177882884 3464332700 3740376498 2630805980
1452888672 911464722 2712762420 3452028419 4168587493 1961628881 840418341 3965611794
9 80230430 1960573535
3321826960 1593871620 1862538645 765270514 1635031251 1166356044 1560486595 477083642 3030639555
2087021016 3615598025 1645369000 1034721375 4127341632 1013502093 4200820409 2710293475 1771949805
3 1280834354 606893344
1154930814 1536513172 3613425224
3347303885 165113150 2894498439
15 1573196206 889955572
1953813300 3371292089 792543000 154804108 3760465923 95626515 859767507 3426123588 4067925978 574285975 1245212794 3564586990 1615971364 1327778614 862072015
757505131 1713599751 1086836638 4113951285 3499491690 1796599995 1802840060 3821920785 305785812 154055055 2908488381 2146521381 2272884645 2114691795 3246539520
5 1878049167 657689357
1137571484 2950995060 3939179440 1012782876 2511650404
632915064 135060329 2796549000 2538753930 1180582491
12 1955816171 17668209
932205784 1569971142 1878320298 725357325 3268098004 3928857040 3766110375 2770524 194797237 2111271723 1196973005 1476431239
1344637570 1685544860 1301395730 4262249250 3505680024 74836610 3766425888 2896879747 4174478741 428811471 925492440 3832142161
10 1698222811 1973099041
2364228204 3216204500 510370655 3487308543 175588325 3337916255 1829949357 1601508945 4281123300 817010187
3345133155 4010663873 1936461225 742203648 273646637 4092759760 2081614706 2449496456 792443440 3548754440
10 1032537059 34982400
821007849 2278524910 140121377 2019475950 1897263214 2806744975 468815418 3224275381 2515563392 880198992
2686046964 3167838288 3295012963 1390255758 4125725963 2369450124 551861107 1402074345 1974659345 3246905463
10 321922127 1033864890
3467763186 3292226769 2527778955 1135987653 2801709312 2369427222 3699051298 1694580050 2231154481 3001759833
726518131 4294005923 705111687 3028462048 1095129499 2816206275 500469975 842888715 46138760 2610339294
14 1274924835 69855273
1116720868 3044710038 687974895 840903120 1178968326 2484074654 3385857439 652705140 4294924575 452398130 3116964015 1717510532 4175901120 2114206221
1263356822 3999241035 4264303988 137933280 1836500055 406808703 1805716005 1683327000 670162551 3562448058 1059634635 2039399610 3899897238 55383820
6 128187785 525987748
297806190 3094862532 2278684319 1094072712 3090702527 3108580629
1392900888 3901648194 4013766060 1183076355 584955662 3360270236
9 1185440192 1487496919
2541305771 3895215015 1327352172 995412255 3952029920 3311192494 1724613303 2200853603 1346029796
2711792178 1178944634 3424953630 967908215 101786205 4206257989 2371555150 2839897641 118396572
5 1279086681 1298524291
3616400646 4051016556 789007842 1011288571 330993358
1212086115 193870480 218791458 1301608593 716046500
10 1523182955 130835639
1972723495 976518746 3443730746 353796525 3782366529 1657343462 2187128225 2193253962 735398681 2844074619
1439280980 1051765723 2949670490 2737204345 1035461280 3069046397 1964953114 3205459477 892351335 2370093735
0 0 0
