13 1076949021 1290002225
3411264903 1222776855 1661976532 2145789262 3314498432 2508482980 3022862645 1805459721 3536623624 3315414083 995610828 2969309487 789327235
3164988450 3677733822 803021911 3799220061 1535548720 3592192844 3828890910 2560737665 2692515650 1150577330 882122930 451893020 1046667657
12 825071012 666573199
2269040291 1624217298 3283512273 2936168703 1015407050 1104452968 1356311085 116697965 3855323631 144612534 937674147 3496149612
3839172785 107867205 3348027493 4186089415 1201632308 1020698095 4037668980 2306057334 489833839 2300888322 2524352396 1887391970
10 662547225 728484074
296318619 3763321120 983681108 1808116368 1374751100 3647820265 1110720897 385509498 3537739335 1614101772
2543648269 1828909917 3628330710 1205192881 3315797295 513814231 2556238407 2509417188 2111792670 2321709445
1 920369659 328132666
2585288418
3460579725
5 721700214 627841636
1143791188 2135901850 990442636 2260425151 848611749
3863193716 2556709635 4058596545 814802294 1522438949
4 1292352522 919214690
1746824730 769139105 1826351400 2546954618
981942807 4287621834 1720825794 2835526353
10 1812355887 357326955
1839644957 3350410554 3486913065 2798574140 2601517977 751942125 2080860686 540933480 1028373834 888557901
2988269525 1786606591 1665706682 3363816836 1887659466 1288094700 3132965151 3004986835 3778887066 2664078426
10 1985823189 1686962690
1671145894 918827020 3081102357 2168104337 4169080980 3860380830 2598310200 2161849616 3320019365 2655912768
576216362 189613674 3679111403 2726267775 937081395 3250553046 3292242293 739089345 3658860846 2021518849
10 1953131225 1988937374
366781992 2679281883 3145466940 3392981834 3310332358 3133173629 3865149734 1686770665 2300348359 627333138
3579717690 2399798545 1626620408 1665908598 1714245566 516118029 1485463707 2778455657 3951127890 3016159869
8 221442362 192601077
2609819603 1881667774 1224751881 3360992295 270205945 1533444681 2038331283 1220789889
365679268 3921083615 3754386537 1572555863 1646450310 2097834646 3197505530 1705718055
2 884573041 137278747
1845976044 488972411
3912811073 3239378484
14 1141431695 571062408
4086073773 3376735590 449442855 2813297163 4067601590 430988568 3753404415 272540817 857360040 4144872192 3671308322 433131905 938689377 2617576044
2811813826 2396392128 962480198 2191097317 1246634133 154446100 3819149433 2641094100 1719195150 1871408361 3167584995 2603388377 2366318616 2759645500
5 1412658700 123036509
1730972240 3603461726 887725380 3488244705 197702825
3038044955 3315656548 1792366641 1156764836 999173417
15 84859826 309937168
3752620650 954528679 3826040859 1183630756 3165573825 3076334409 1406352123 1250245365 4114756365 442376985 3947587987 3879986913 1215264553 3939339264 3356647114
3938460860 1866422175 3163640121 160244336 1556435995 973566940 1638464337 1902522564 2066164125 3593780385 1551327617 3991468832 2863039206 959009070 2214965766
13 1468057011 1194546688
951413790 3252099158 2587666506 3140821995 2887202781 4260638469 217633968 3464830584 3085752427 2563520790 2111946899 1058201575 3991433145
1644545979 2248957728 3144807775 1614337920 3674158391 2121490389 4273991568 621440595 900064530 3001098630 1888622567 1539542922 2426675271
13 683047944 1686684787
1905400029 1727995110 2166754489 1174541110 971182375 969509367 2552499435 1067590065 4055341996 540373164 2240208389 497483670 1882494975
2662310780 3948808749 4150371069 2673451995 1985775595 1394567675 774488908 1841950731 2013294372 3186064841 4138779345 424379247 2872479595
6 229958290 1585882271
1733969659 3000053839 3165303470 2226320094 3483317874 1348183785
656071647 4285046030 1825850499 1371915822 4142286033 3696415755
8 1990030676 1535236348
65110503 907616605 4097461587 2506662240 3623911773 1160808521 2255301705 3164420877
1487660089 3452315540 446206401 2819784125 2582031630 3228291225 966459529 1696548873
10 1367247488 1253491110
3192592721 2736086248 500084370 227267775 1826316 1714584029 142377359 3582548715 354153126 793943526
2356499655 1810394847 3471404947 3361013634 2362650455 481795213 297922920 3597528429 3417746160 1540105926
7 1964537840 426387449
261321780 3543408894 3370141140 2781885831 1212070349 4084028298 1284278410
952654698 3598622115 155650650 3736093149 2717060091 4219424331 821751760
1 272383485 1661563832
1961225778
3711677131
12 1004903425 1600447161
2290252105 3502695219 1972653706 749422104 547144065 3714263575 1182680832 506433045 3691193955 1366704844 3826797756 3547248645
2836022585 3320946317 2888400075 3103673441 2394208527 3174648555 2224179749 3370679418 1809124855 1146187849 139215382 3244298615
14 1644748203 873526831
4239840613 319069820 1542541237 4284168474 1158959988 2237889671 3030884521 1570296780 3776868789 400591686 3036586050 2264057316 2095907601 746384268
3460990242 2457762957 100461119 384373455 304150064 707132385 3900169701 3574604694 1730345520 4073304716 2219788413 753786813 3463951375 2709278332
2 907296731 1802247411
4155892410 3297739162
4204601742 1177213701
10 1835574741 1902066026
3329275788 3688461897 1216865086 448944372 1069612681 3207622517 1262228598 22735791 3272333442 2394004477
207353904 656789990 1953000700 4225753246 10486002 2634287850 2352694364 3314505489 2362373544 2030055920
4 562448302 1993064461
3638632555 2498427169 1665279768 2882954015
3592686721 2781115450 3427203603 3488303624
13 738519634 1991475819
3825622646 878818880 2614734666 1022972670 333855401 3827727288 2267080459 4076641805 2907859200 1089351834 3711528110 3130002340 1955722290
1939636640 2192834445 1307777655 574668474 3200058787 1850947410 2970848842 1546605777 4066500410 3728964882 3556068273 690204351 3294928100
12 1432406565 1165438279
1829617519 3497138854 710203911 785375725 195412207 424970685 2867661947 3467379957 3887701319 3664189965 1394542872 4085724801
2004142095 1064074821 3777341800 2326689022 4259858352 2296589124 3746497439 4005919749 2754109845 310155587 3959387115 618024257
15 218111868 51563241
1205612903 4149064067 2292031940 1710922082 2145639513 3782370371 1753935245 3583986765 490880557 137140064 932113731 4133700405 2374657900 1320388560 205652043
810599700 248218011 3320828315 2488457865 303929110 246223290 901758228 2199126528 1666384728 468364296 2979396417 2421987690 3520724985 597757618 2182684255
3 230174596 926369919
1060251042 3818126416 2548571220
4139189985 3509020605 2016490179
9 417495296 1014348317
662267673 2701971372 1616370015 3631973185 1040144208 1604478993 1083041192 3264463045 3010924255
3387074955 2928178253 290158470 4221422775 3866462845 3643490363 1804245180 2963535732 2863646040
10 1351981891 235156324
1172318278 963019403 956988224 3762536394 1133225576 1361883853 760938411 2740745484 1192473992 1857808671
3143591229 1928107105 4160366861 1173466731 487036200 3153762041 645297101 383736801 914948499 381388226
2 1006548993 1340221126
2248248257 1570558270
2629913388 1410505278
10 1132419518 1574742506
3025199216 2994207971 4279161417 2788260361 385506399 4044094584 3335752310 3676132684 173684393 1903634406
4178180616 3284495577 4269466266 2294530917 2939926733 1003519455 2058740142 1086473345 2190536381 287490900
5 2783108 1678522763
664807287 2047492563 2521009866 1827804495 2371006283
3183503742 2476796075 2113400338 160899630 2529748250
7 37734169 690485712
3613712508 2128398738 2494475248 2308524999 2372422363 1744217337 3989236223
687118685 4068608130 793035851 2295402360 3945235768 1344225836 954784110
15 325550544 1887127293
3982381470 912233124 3562235479 117607530 704541923 2464785259 2895419634 1629325366 3250259454 2428659546 2986592928 1293495090 2313815322 1516381783 3692236104
2518115019 936693065 331419916 3247227319 1230076865 1354799882 2307801505 4121898411 2916462258 928373741 572242896 1708055025 1739605272 949114338 3857526066
15 237048645 494394524
1173750369 3350448880 2278997759 3013468185 41831330 3094495596 3650010027 4281938988 1391381635 2350141424 3166637183 3599893535 3158593651 1428637188 33063674
848361272 1136661752 563931303 3259981975 3349929493 1194262317 3944058507 2425486887 2671247118 1384646260 88461054 1501057065 2949451193 1692770044 2530611945
14 1910348634 201468535
3031452426 2037304475 2702494557 3195417002 2975325520 520436465 2228651467 3036984285 1880115683 2591596368 1123446667 2846362131 1418094291 3787267671
3361349732 2594354919 4062942825 3305221884 669334107 2257509801 3858509147 2862929635 1874784984 1864881781 2366436327 1174603586 1852581480 1731607623
11 188508753 728215540
1605167130 1360582290 500542050 321185802 208744349 1797014619 4137888818 1464305940 2824394370 2009483072 708635621
646683690 2701570519 3632283638 2996321607 1622075185 4290277867 2006991423 2855985963 3931805865 3186357638 1771626744
1 921588673 1488748141
2752304053
3106832755
10 820033674 1903379313
2816714745 3589592025 1020417164 1268116950 2987042201 3636643290 3278362678 641524162 771262490 433018305
224430461 1602128356 278030002 3182630384 2047082982 1756403499 2857060489 711327398 511775277 556209657
7 1674267776 940267785
2032031286 1171404405 1213111764 3263942786 224969890 269007027 1296777150
3140583220 1754814505 1404495938 2370313637 2679738777 3101955439 3518247463
9 859148519 29099599
953759275 1644101207 3243271378 3810286406 1380228810 3144228558 889025591 975790900 2511506868
1898968856 3144848319 66701412 3839735812 4095911370 1633073715 4112963316 2000284790 2100524418
12 137806176 1121011760
467124159 2461094100 2545080269 4154028564 3003164457 3083083125 2159298735 1499005752 2830925902 286878445 3819614140 2856132947
193369344 2608479900 1560576852 975590307 3533501278 1824185032 3370784775 215827848 1229842195 2612281393 2049058263 711177900
4 1066421865 453750387
3791233920 3401201310 2342017934 214676325
1052586450 1406605235 3368236430 3145055682
4 2071909457 1134890888
3432583360 335925933 1102897494 1619667781
2972688240 250905366 1174510224 3454157610
2 810589777 93592312
3978233979 1991483675
3182578408 3009748432
10 189064080 1471661841
316762594 4187739984 737036637 2308915707 1520645254 927030946 3417765270 1908181737 99503978 118642560
1459726949 3229536903 171986133 5828550 3257225500 2166617853 2596562120 3668651385 3934556704 2981459710
6 219910467 215845576
126366474 353592475 162317930 4221443325 1058332830 2895173065
3016021361 3299436296 1615924074 1032863599 3617389965 253981805
8 2109116608 1557736468
1196814150 3406169889 1542019132 3345174910 1143047105 196351071 2380637200 1578896581
4178315142 2537302887 4162822273 3529277545 1073760817 2680593125 1810929687 2117675395
7 1913060349 680105953
963248850 736766372 494742148 3866927556 1678386385 3723881400 1721748030
2533040326 29757516 1515570859 3350162435 1200291769 1088409858 1940280165
12 1649685209 97924440
1930375148 3855545425 1084994148 1394224910 1294377163 3269901480 2888924140 1078486702 1943675646 1173537872 4188622798 2100323487
4008486331 2820756108 3994549125 1591994514 92017347 3194818145 1762718508 4057092871 3401893635 1132974555 326342045 145702932
2 153726450 257601003
3687745892 153918650
3192451563 813331152
9 1195372997 924426088
3673410209 393544596 2731672118 1920106905 2876777195 2343787509 1595004837 281764853 3726757255
1972450571 3248871141 1297535081 1559647537 469887555 2743459328 2718408995 3268875113 807712522
14 1490011469 815935010
4089965712 2525499228 3644133295 4287108793 3947141816 2704258923 1869978757 4037841905 3116893546 641121951 3350549294 1228018770 676887315 2628135725
123151272 3994954593 802510236 810095815 1113904374 1196043560 2550092588 373388457 626448821 618098472 2073920265 1196078605 670823054 715323618
12 532123835 1283371931
1092704830 3082304310 833980829 3933604521 2511290905 691884429 1551898665 2912372451 3974285585 395985367 3710188170 186666100
3868580520 788653865 1980078258 1834029711 369376855 3685560504 4157503155 2485498762 2613348433 423057702 2242957730 877951835
4 2028196902 897386277
2304607894 4239390087 2466869646 2516952125
2039470590 391989147 638511324 1901113601
6 1408698043 128267367
4098285510 1508282169 1528418465 3668680563 2253821045 3318171316
377232129 2351873163 3781279610 2460904983 3335153511 2222500179
8 1165906792 1754641110
145230254 2724415970 1532364495 1819640373 2919349703 1528211315 2128795391 815136821
1657134300 4186397269 2871176580 2229393757 2403461442 3975014667 1319184960 4210697253
12 2083377762 609164793
1795921010 2439902090 4162329510 3001945341 3646845210 133876212 438562245 1063448600 2808928770 3145653120 841599119 3977594875
4076597548 47906515 17297295 1626448202 4139637642 1633978962 1986524901 2866999438 1575862503 1210328494 3605454755 558805604
9 321852184 5816536
3518662815 4075102153 876987521 3717528339 3268080540 2865482479 559492695 132172784 129948762
3265663990 4165941510 2714616255 2016041505 2404777439 578651506 1982263180 363026221 356478100
11 2080365343 1519046188
4021408804 3864002305 1300258370 365764435 1018780015 3331616723 938894385 535218170 1485082370 3373085967 1507445646
2288942662 1612192679 2219801209 3617256045 629343154 2366237823 2367222300 964580595 1933536364 3715451150 3958374409
4 734198505 233221067
371841786 3024289888 15326616 1168578396
341843658 1326359558 3637700919 434069368
10 417535902 1696813359
1725216525 2105526199 2855240295 3550138026 1887155520 2915265199 3069272235 669312617 2491965632 3846972394
153274569 533473830 1428766728 3576109288 148049118 2827901618 1971231076 866047272 4015103790 2348226654
10 1191527427 716440508
84445715 377565580 2971936693 3082746353 956376621 1606940214 628144932 2310352929 534741236 2667659388
2053813070 480936530 2641952618 3656086573 454144194 2020581340 2305696016 1225965384 3042013149 1060269563
7 447195930 1976697851
1258304070 3578183140 3198215151 3178031299 731766342 278734200 956175042
1000287483 1009852458 2459524806 813561151 4143473611 2762747792 117457429
3 1028374571 943006935
769634162 1245989579 2919751276
3601324776 3075096804 1705315555
8 2040991096 1181040135
2407657963 3911147802 3158683752 2239698995 1911181740 1923110691 294875081 630355208
1940618078 3605629544 3214020615 959225235 4045210664 1755469449 1931451468 1646660993
8 1351917514 1300655732
3286095580 2025014646 473005980 1434193170 269898009 2068004091 1254029709 4219981227
1901702637 3061129486 1394369943 2632344726 1231572495 364918605 3016685430 649880945
13 1659987001 1441450824
4252422687 414165727 4117092868 1634747917 1107489522 1389526870 431455749 1086312717 1571500910 3682253975 1700380065 1875060420 1171198350
11210001 3725702336 3259721586 2154234300 105351171 149357087 125978158 1192320090 1199136617 3875936950 1384609902 565973365 2478759698
4 437379836 206363165
3535999644 1648254031 4136672503 2628234177
3831050775 3701790570 2911095147 3329120892
9 136566123 1754277459
2039372860 1348722540 371466581 561817764 2804492460 1075612932 1086520948 4079408792 350727534
1635925489 3576606616 896720495 2870565126 1720801464 3900735135 1940230445 1132505349 3799389733
7 1072461235 1025710568
4125808355 3643521665 1260293225 803801265 3803490162 1353954462 182185852
4207401543 3276188682 2070560832 704895267 877997946 1754632458 4284060639
11 435603452 415448335
1464203913 2932920198 4013324850 1536360234 2191670693 2936632836 1482922256 1399688997 2918897955 2602867724 691916094
3736982726 4036373081 3248362096 1039275967 3972861371 3565021034 911364678 3496560562 1705356630 285250140 3218487658
4 2096672315 712417776
1192567195 2583922338 4048036551 1658456405
488612368 704789994 2123872338 2520289848
11 1486233348 1741564773
1166074538 3211657632 3048926174 3039875006 2845306203 4029365730 3829377108 4109127406 3963367750 2466888560 3275167294
353087488 2298564189 2762256390 1435764087 55081647 2092293933 2509557087 2758447506 325680522 2104750446 2063561282
10 354547210 1755304886
99188221 1992384014 2027751979 2330118643 3960339306 2482928475 3286731231 714284611 3468166554 841072491
456978725 2956023473 3732354678 576922692 3571524180 1326756545 12014253 4022358195 1147078342 759931668
2 321691622 1454734649
1141483083 2661015305
3370330761 1393071961
11 2071420853 1512858048
3546206964 1011329064 3436542995 157017693 411340565 242895766 626164381 1103581718 3972210093 4035655977 901092465
177375421 1351115733 2734490769 2006875991 4057231719 436016196 3828325236 3829952136 2906759821 1294237150 3154778656
5 1980361982 94769815
1513650534 1280747256 3658117653 924571479 1119021106
4082819950 1037869699 593880510 555650169 3253574217
7 452431233 1919605845
2167799268 1569935418 3603477842 3490555048 1522130962 742345743 2162393745
2740627330 2883303630 1951990245 1697191950 2571338449 1283782403 3790179270
8 1833305127 263885527
4122978081 423209234 2307405562 2605477632 248231250 3129459366 382852927 3311079130
1903205736 3179176880 2054861724 3117013052 3616834938 329400495 3144563592 3979729875
11 356652337 628952376
2879859327 4014788336 1529400340 3313087890 132705553 2885087415 2464052148 3362801412 720950457 1591759689 767057655
4268693866 4039613945 3579260721 3037981488 2560160169 2644550421 760868626 3846092501 1484296867 1606542267 1641685575
3 1523705550 176671569
260914686 644947665 285389008
3657558645 3678311913 2007933078
12 2095849381 1913751567
1044912464 1262084149 2663093559 1823026695 2983143639 2579429520 2346434811 2936302690 2139215686 2580977455 1092341352 1092801420
3682437171 2447762646 70575144 1775150973 2725805494 525359415 3825933900 2521370755 3966795139 434322225 1974351171 556269876
10 2115347593 1055202660
2142883830 3630445467 900632190 552318912 1500062218 3672371119 1623686126 589021235 2870012550 1532720697
1366838464 1656346356 3851255433 551464746 1700158435 3348168549 2179602396 4187693723 4159681462 1898634246
8 1319315771 971491116
429384654 333272852 66918602 3940669050 1315626639 1906178175 978701640 622136262
2367863593 911121303 2299346358 142775130 702829615 733587026 1054698117 571836336
4 740418315 1690352681
1800786632 2454465966 3066274381 4139960406
3413515620 1858153941 1743547319 1348769787
11 1488532818 1734051417
2249506035 170605136 3292549743 1347079061 3366081100 2963403425 2791902501 2326293483 3139895701 3791653110 546589708
910143930 2014279443 3152823114 2256900850 2070213516 407303601 932505375 1331276661 630146961 3640405998 3750838842
7 537582395 683593030
2902489253 4110665841 3170810124 1005019649 2735846076 1836419009 3608120373
3649519534 3886582992 3886588702 83110470 4031526407 1590987389 3690265460
10 778889422 1881670283
3648878507 2699231700 3490921728 968961095 2917148859 3545321158 3123742775 1264498212 883613878 3445578480
4150194258 1858544566 2388032722 213916225 3858258572 673743351 3813953233 3886269045 682239981 3435625119
7 300026427 252538627
2100677695 2182900860 3218212869 2363681775 2602331103 69376218 752764560
2512098175 3670659811 3048464605 898432035 4181439885 3121510200 3814979435
7 612384988 1612840086
1601201776 1842170316 3207275623 3644447991 4097746362 1020512055 2977333725
1203988488 3715225083 747966735 3871572159 938698970 3726610124 1697811192
15 2029884317 1340482771
2326090587 3052435395 3382399703 609532138 2306683761 2929416456 629506786 3976759415 2861557300 3917121039 845223730 1592135336 576140846 4019997389 2451041850
3953222703 114710835 484011873 51344653 4216990388 252538754 2626009920 2111852696 3827262303 4147885611 1278756798 1214636703 1580067873 2488444755 1722847757
10 1019956012 1186206524
3467717265 3557754655 684029296 3704850343 4211282040 2837908545 831345750 1147772066 3133360152 1832937950
68266740 443388291 447501540 242162873 1099872714 696663697 444661430 3868336939 765719366 3395204385
13 1466109431 673824333
1414779012 447228000 2428638745 633454257 1249884409 1266719766 4106124936 3114819720 803311762 1961800554 2155038835 3320646184 2316807903
975608077 1397003484 211668621 1506885783 3075995970 1438791419 4023218345 3939348945 2154406247 2115498557 2491894656 605962933 1070592590
6 63719463 1486141629
1039958187 3275354139 1701475488 2301238297 1842317621 4239537648
614088969 1943658115 1957291895 3782773653 1342350180 4237562510
11 777304148 1007773929
3187767512 3524181037 3981760584 192659445 2596833945 2423441570 2729790509 290098439 1656430970 338227104 37057644
2466710406 2268867060 3092504343 2608299276 2807029047 2193006939 759860274 603546795 3502902169 4280660645 1158514695
10 1652097122 1980240585
1321383123 3609269133 940977525 2348245320 2932262130 3743800022 1067971209 2804009035 2510823682 2448860351
826469118 676299156 1318946757 1326618955 3859316661 1841683083 1868949325 3455562671 421794069 1659313085
0 0 0
