14 569837082 1622238395
3691947436 2035043259 1260476532 3146074152 2004402369 530757951 3868260816 4178582787 2961960105 2046467370 1462336535 3224036400 2112221991 1392262407
464620902 1071435597 2691160869 2211504622 4269534347 2731417152 1920677611 2609289828 3685370565 3288591809 580241615 817947090 1627754868 4030333094
11 1422194901 1336693191
4049906785 1816763364 1279758111 1522129371 4286389673 790798620 2825551824 2690105292 2473165197 3687650683 332002809
2935722228 2771125505 1724146611 1087237686 2062352969 3296738732 3633316622 2073440145 1021071713 2700568959 3898130346
12 1603330123 544557899
3611115585 1880147083 784328319 1886028624 643864515 2626500030 2985203902 3031463103 4094517372 3781516600 3495849624 3073122827
1307982095 1660315727 3346036074 292798718 3096802561 3732012111 1593320679 1939350284 2588748540 1068000825 2164269980 876023290
1 1556030368 146525004
803701131
1764398650
14 931151052 1142378469
4095294890 1525556331 3510388875 3323843370 973120660 350010420 2048624139 803903759 414020258 40717068 3592164120 1205259783 3845108313 1822077655
1235923374 817827767 2050387160 2806029930 245123649 3352023196 2225456150 3559835700 2518780983 3629061210 2266627170 4256029291 1108719741 3648832115
9 909137918 534822615
1568413880 463910973 1053840035 442768464 1945750488 2801797962 42663837 2002898473 1106292302
3018842490 719849079 3157807724 1165037170 1111746250 4004650479 2867268170 1584170993 2728361535
8 759241336 221286872
1413649290 83672926 4120520622 2765776580 3422965707 97638208 2097302775 1190543246
4203482710 1936976118 1422116045 877198836 2620137322 492427265 3867757564 2853738558
1 1550276927 85206232
1949412540
1114999405
10 21138344 937329047
324751612 3555272314 3244533121 1771661021 4151172896 3558208148 3768042677 3870661856 4143576990 3102388531
3116524186 3686941275 1220765109 2268955562 4145601900 2369394543 335934057 3803036675 3488949809 3717954315
14 910772379 87921231
4187478518 1480535778 909816690 2381117415 4021979630 520765086 3858231060 2256313161 1377591859 2395838085 2481895550 2211210685 3701876952 1589959686
1732240285 1126700592 4174883555 374571176 2055405115 2282912335 2374923537 1436175954 1715374207 4003828927 555315955 2935894023 207971340 3739189139
4 1784559613 1336784883
2145648355 2919409218 3792873131 2872320926
2459894939 3631308528 3787247815 3643776384
5 2031267733 969235366
1815704980 524914365 369394673 4151869255 3197329035
3765504199 3386129745 4257022650 2957970228 456932985
6 1152694886 892952609
1274173485 838439201 3886643823 3205950278 4086830640 2482992525
902670798 177098799 3007100724 3906147395 2368026084 1365567367
4 377575643 99638210
1621510330 2672338185 1729965534 3206625501
2209830677 3407707300 569517979 3729324726
10 1045024011 1597270905
3021268527 2056479700 3047199732 284085338 2667184266 4047006563 3332853050 1852950585 2619317135 2216056124
55344756 2682524748 1915584253 1745726339 120471156 4293311166 3873041868 478312089 1006572912 2986950403
11 1904156488 1356769416
3848021259 1667030835 2588822324 135373806 3366875929 117053077 1727305768 2305157949 3577235869 953323066 4056016869
4222704200 1026928762 1906963368 2510606622 3100596825 3988293140 3338745134 1672822987 3165787938 4175987202 1681453505
6 1904838822 87338719
3558872909 590289008 74568822 1699250310 4260292605 3523259544
2691926183 1532049635 2569315959 233390761 33155624 2867777717
2 180438062 375581664
3732769845 664625078
919699545 1664848262
9 540611804 59262565
2326029333 2336719118 3965198694 3786886533 3162119985 3798364185 83791894 1223234235 1773140001
173286258 31933701 2961599694 3679788549 2109605274 474736958 1373555249 3043284373 1574841155
1 1790930909 1044974405
741961328
2265790470
14 501482874 1696815684
3932718715 1393047643 3053552136 350255849 619899704 3029614341 1879243797 1632546669 3980805191 258417498 244925143 2284737516 1643437725 3232559219
2860976034 333334661 2228351924 2944831065 1636253422 670301616 2309596088 2701746401 1556202675 679426272 3758593087 1403310006 3766553004 981752543
13 2077078061 104272436
2964069172 66057081 3747868365 3142650965 1643578879 3616670260 3698999307 2161948275 905822077 1528353315 2743081124 2909134758 3042165762
4172525922 560081994 1892715240 4109196805 1520538874 1398323545 3487036957 2848794279 467467088 2530154997 1402916802 887707140 429649002
14 522696399 1750244957
138466649 3342515205 390005620 3513350340 718293298 1050551300 1358688696 1650523788 3597062203 251074411 3452336452 2482317675 2758882413 851990396
3815452182 1809380890 366717057 2896569045 2132685885 3744738819 897792603 3734533286 3861044505 1212896310 2482916130 139196700 1572284693 115849689
5 1635605988 1839141910
1066348635 3387664796 3451281936 3915124665 2344822679
1500293214 465775821 1718902938 2595910770 1444368079
14 557896003 644502813
4045051695 2514300324 2108982417 1537957360 664903415 2867146356 842902215 2706172738 3909861341 4091535180 966200895 2341546645 181726725 2592692793
3277130199 2687093496 3544317735 3753894868 3490651849 580401682 1371372720 1422220954 1942442580 1678044492 2602500899 2999349504 925964429 2186592237
7 1917901153 435120195
318403366 3296085931 2889950133 15040971 724416213 3989778234 3628980068
299067573 3113395172 3352896294 3663078496 2081083098 1388159740 1733355038
10 1043059002 783619347
2717683922 2543594552 2487177693 1043795526 2703347157 1985090261 1252073745 1048533270 3718400655 3054983446
2770709843 3395494011 2385120145 458450435 3247568385 362549888 3138513135 642083315 2584806861 1429646230
10 1492982949 1365475489
3229730343 2895986790 310581566 4198232303 1123256657 647059066 3403384272 600860067 1765576548 3721617504
2878727514 2063048714 3589671681 2845250104 3270010045 1447667823 1750917598 3826941440 1841906424 3512454130
3 1187064780 874660024
2575627154 1777205088 577376073
974233311 179818474 1885914275
11 2124093193 13613864
3981774273 2171598976 4212385225 3652470265 655443593 1247722362 3657326514 1267046125 3010746960 834231773 2202502971
2847332033 2631572481 2012199465 3586525383 641128545 821513598 2821734688 3443127219 4266513279 1892399251 611288894
13 1180716189 1548073437
2275089163 3735253617 2674357719 270612300 2485944638 2372017389 1554820637 1265549846 463178075 3672488307 172652610 33477000 1076761885
2004871070 175563510 3683050620 2383862889 440170846 2550512043 3098530146 2416293080 2248538710 283765138 3100231071 1793821786 648647765
6 1821911113 38220459
1997374843 3783479153 2326228435 4237602594 648566496 2865673760
2373459625 1519883525 3936620052 4195499494 2058079938 3874186865
12 826917257 1631641856
1364259615 3445126512 2028049389 3419913345 1644085955 370098138 2036603064 3181629 2334740158 1434250059 2019529392 738445979
4108154178 2490260248 1072664131 310629401 3734538982 1307584249 4029917982 42468552 4024036255 2960197188 2923034055 894448265
9 987203831 476114089
2348659431 4099442413 4150161240 601510021 2489291906 608353663 68602110 4249547322 1287878346
518679021 698137618 1873846755 1848030261 3853875738 924157455 1082467395 3947163720 2932507470
15 1443962977 120526533
2492404635 410438670 1819356971 949576870 3858144737 1895556965 3332533020 1011430095 506496943 3950238030 3032007867 3473907312 2324471960 3448484994 342234357
3765491166 786141928 455344860 2463988135 4023879937 2242584698 3550831555 3976528491 2474939560 3337570363 1184384862 1642244097 2113842968 3661991826 4044419865
7 657669265 348988940
2437507605 3855679107 3818671875 2581760168 3941649085 2475727656 1570778740
525966165 3730298019 3666480068 1247846423 3765250655 2876027690 3736546827
12 1271315199 1679728784
913648329 347937140 3684578863 2814990902 959919143 4091684635 1774839709 106942124 2058020295 3804543987 889630075 348235044
3438371433 952834480 489099503 1315967008 2881135536 1866741875 1715692230 3260480615 3830581406 2878741565 162134307 3257708259
8 647735579 897252804
788882058 2028070656 2320136050 726186724 2931740882 2402618680 1046214435 3977061957
407103626 4189431818 1470051075 3473721222 916959000 3675844215 3445911356 3636539871
4 2077103853 390274933
2266321671 228176378 3092301407 458179515
1699082055 2460753022 2851588699 2643706906
5 214917806 56054382
2378851751 3278201790 737968905 3108400492 1341226575
2592334422 3241419921 793996351 1212312075 3868196516
10 599273897 298065643
206660625 3801287244 2539007596 3504566334 3471538621 65799187 1019193413 2907749745 249996625 536602206
4233893405 1627546317 2318271238 501154030 2051702934 1993267745 3784697726 514365837 4287381852 705977570
12 1841889218 655298615
118803882 177258469 2108441961 1036885049 3483720373 1106433673 263884370 1432295704 1996504031 27037506 4098383673 3732645006
2108786085 526217424 1021220049 965722381 2935546047 2560407689 552223755 1946258236 3958563335 1896221634 2361346558 4013333973
1 551798716 1246615260
3707921840
542392197
7 1663916735 916497105
2758375641 4103006097 4231171185 3407139434 1018114372 3978711290 2983065690
1161860147 152588796 3616932991 584650245 2906016818 3040887047 2791823063
15 344713438 1835339701
1326261474 1547892275 1415076738 431182135 1239108636 2613140949 1796285916 92088342 3752685036 2868035050 2430574386 1099662190 1061500346 3222299630 2568454000
1593876316 262940472 2686682475 1980078629 4017694543 3004524577 3709040729 2772790695 2135800715 2613591111 1506007945 770853816 602416110 3157964847 711541524
6 607135195 1426398662
1424801081 1709079555 3552311484 3252311030 3333134853 776057082
3250086384 1969818144 2787351645 4241077765 1362475935 1427008977
8 1699259920 76437181
2491985244 3529326705 2508573930 2440329992 3306953951 3780976391 1678396087 582390261
1333956148 3367298068 1521584730 1233768237 2111679460 650613479 4033987518 3684954624
9 1240997770 1088323920
4019158071 3479389998 812578445 2269509061 1808044400 3400626067 686747670 3701487157 2541726879
841197697 760454810 3093501815 1721222409 811775013 2734595410 3971501480 3626252559 186133272
2 952076204 644090025
859675146 1589326678
991845044 3976821005
7 1673227274 632419847
2662953685 244993833 3042484788 2386475655 1842382630 1305301492 1690462050
295908465 4092356823 3687432309 2518698855 22335310 4180508667 1660760910
14 1622007402 920973590
1077270345 275127627 3954507198 2564405022 2566916666 2391503375 1824137557 1888155507 2436995151 3923361813 4188683040 1471581123 763458082 3394174331
26011251 219718084 3773315351 4220600455 842616617 1134410434 1842200250 1066217460 188949270 2475591381 3556342053 3426710397 325892638 2526545597
12 1965856488 1114067915
2998069800 1495874114 2517498484 242998233 875874187 391903244 1117466850 339496881 263586870 1625180613 4029429340 1077439050
3501764664 2272580122 56599739 3607406518 409916310 2315677103 2095722421 2546643673 4267603122 2303079826 2688841739 561032762
6 729109531 602180929
4009045346 139935015 2632162483 846168653 838733068 3452602173
2795652075 1978154606 2107029255 583954641 1944482973 2707932725
10 594306205 557928432
2780109325 1454153182 1286645843 4253520768 516109291 1317190618 3842103040 2408215900 2924535546 2791681334
3057775160 2209074931 3749013285 1664943280 113189685 3841849807 20978415 1781868665 1516342237 471845637
9 1215576500 1182284783
3396895090 3093682585 1864179713 140364145 1322599620 3448449200 3808456567 563027010 648376391
1992006098 3565578523 1911144543 377701743 2079116326 2043511932 510189801 3768830470 1723306230
7 1042796437 665656686
979995113 2580011467 432634377 265710552 884598348 2347589220 582402653
276317624 2156297804 1723193663 1113177947 3415217277 1492975449 2321571783
12 1398389194 666133984
277714925 3689699460 1396322799 2335098145 3325410195 3926999634 1275601267 253273019 669825372 1608476052 1748154387 718208385
2828512292 669538665 4003369758 709074861 2684043120 3178074280 841772891 3507473229 162567294 3518789353 3845339952 3519287048
1 1874730783 720184291
277182752
3031397652
8 310683879 1131191690
1029265604 1527001716 1798626378 3408974130 3915690976 367101424 3633809340 1807663995
2127398954 2793444957 442690947 2194261275 783808967 3167938752 3287282559 2764702045
14 920256403 572122721
1535656071 3058310148 2145805105 3632369046 673489903 3962273403 2162446484 3489863245 2988404793 2826671985 3420899613 440121621 3353535260 2646473760
2182221750 1424648700 762226390 914946663 1249351363 4151133314 1447520007 845186034 1309119835 1019980059 2999766760 2606916578 4045075575 2037661506
15 618442389 340363637
2849045446 776688610 888188928 2670486159 354425625 934935956 357061510 1570259795 247219015 1277152766 3609079990 4066129062 3553157165 3983512163 776638320
287757487 1559224993 2987630395 2482220069 617403805 1680137868 3433860094 2163180144 3187428480 2237929812 628243019 1011362181 281626065 4188898248 4293156310
8 1933461415 110922342
81575248 1738559064 162414177 488947753 4031833405 1643916888 795668832 2814575756
425538278 2388240917 3866882911 4146872938 2778162213 3897091895 1204345652 1432623696
9 837933454 97271193
2840647182 3772311120 963106886 629081600 3980303660 2135413623 3604115944 1801650925 2604064485
2264766609 2026082886 2785795371 1013266279 2710193709 1188980112 2879159245 1092726395 1201220047
3 1100877722 1880237943
3698774677 314371251 236004522
171511155 2788911891 3152758665
11 2037426494 1400316437
1372634628 1278997027 3325735941 2469443968 1807797879 3833467906 2577841665 449300055 2250630772 1380209661 83389417
1323115560 115682018 641356319 4121238413 1352696479 178704717 2965581883 1345961739 577973661 2943031275 3695007342
10 1198679129 656011790
3954939810 3646459929 4095879186 1672033491 200424970 1640281116 3155997008 1941504865 392288432 3168030709
1661352327 4003660580 3949698480 112293712 1252320570 394679766 2359432497 1675579030 1496985590 896270850
7 89741772 756425004
2547204560 2860286575 2591785995 1693274324 1666287615 741505535 2472572310
682899133 1770083256 526191011 2240271575 2169913725 40126350 806467189
1 1087341247 5969200
2434671465
4089505649
10 1314799328 225561260
1722727014 3634089125 3128298605 3626229289 545986827 158411410 3368900040 3759719131 4145482286 109360605
4120906071 130528400 3853677647 490862556 2535025652 310766199 568777692 3115320171 710912406 3655846764
5 1265443536 1778936505
3216879258 3467787381 1031239000 3732554315 764027957
3586860045 1124004865 489964695 1671936001 3539512176
15 2081294768 107506634
1874751435 1534362122 2614092741 3273742181 850188117 1370846642 741194955 474101299 3257996265 2515850080 2260247340 2670543925 1048042716 1968899802 2078257693
2667587775 2334854931 487495996 3126826255 1551012896 3421528216 3742240805 1713780150 2529927033 1571814472 2964275016 1220554728 1953063339 1060776945 1347633855
3 372579070 21581679
2725149552 682275872 289400520
3924454602 331930425 3645799417
11 455496262 1893940720
299760000 3651871436 2319545004 3903781897 2394109056 3357078895 3075430307 2112205543 3139650905 192340472 3943905750
2581354363 1562389866 1436740901 2327250808 604280631 715681668 2567932545 4030423544 2213830505 2059461875 3021251608
7 886764465 313836269
4246560184 3505970749 1301546100 1044568850 3531364696 2755343835 3941216070
3805419882 4214783349 4199887555 1339607733 977961210 3964923684 3801731387
4 681174548 265289273
2871152330 2241260613 2056456833 1412308679
348115105 3748450389 1499235763 4212503945
8 463160127 1851500955
3985415308 4027641185 2027228156 2918236138 3069715860 2654608564 1462002483 3371469852
661645750 1485984604 3124179188 3059255786 3259201105 507936381 3369779484 987658690
3 882341695 1142268524
1757670037 3265150317 3104381915
2264588145 4176102345 481793148
1 1351188416 1931607528
3307522360
437642319
1 895790181 1685189791
2709795489
2194696739
5 487060986 1973796179
2107601717 1505286090 2070654063 4073734968 732436537
1345774969 1881464814 1214198695 400528716 3985102066
5 1743414045 1292957841
1742900764 825855940 1426812704 3616947630 1836515529
1264619720 2389489786 2083805540 152894450 3142142110
5 1598948147 58614912
3423644235 3719158086 4055665359 2587013256 3081092665
4185191630 2712033569 2950993789 638717646 2873203440
5 286111698 463405847
97378495 3839648118 508236195 2909947473 217787865
1602398943 2998269469 2753559139 2947958266 3739517347
12 1677464592 982063122
2831401953 326572414 972194075 2247042580 443205840 392292344 423547950 3675614421 3331538106 3146984310 2121866630 3754454547
1078307560 3460303290 137351241 2897146312 2830326360 2948590127 804883620 812813795 1963947138 1228624914 348985345 3639254835
3 158284289 1699273431
1803447198 2945189831 1627765080
2697433785 1328297686 1469293795
10 1800318265 51960466
857740385 1816560439 1765950266 3486988925 2529990648 4292501655 69675951 1257568355 2059231929 2065309219
2046995394 2315379170 221809016 1804722385 314939806 3137818878 773587470 2677912635 3181884337 1045814268
9 399037207 26891662
3565082202 1981598308 995686140 3235590775 1022039172 1360324374 2113735630 1079286996 1540579920
284311434 3106786278 56814792 1464029862 551276437 4226147580 2276173326 3559134215 1162392914
3 783940792 880699993
3324233245 4081589988 367205279
2585807202 3089853879 1163891716
9 998490586 1194044438
2557945375 306399665 916682674 242273160 1407102447 1743326952 168995751 3614985025 4018450813
3112579674 1151891221 19946133 2919263039 1666022943 4291846182 2663244717 1009067565 939415823
15 1801225510 120158005
4118025895 2913095712 2106092067 3450744978 3759824934 551684494 539143032 1169446581 1523168735 977950165 3152268570 677082708 1625983354 3317770401 231807585
2824994883 3539993449 1720331470 790985076 4277098477 4012520065 2528506230 2629442400 1162467290 361191207 2508133810 979978900 4051159973 1159908720 3267092715
11 10200457 1787855880
1503068333 1665519432 3540831182 3893198985 2928682964 3366556528 3244528430 1617226518 691826478 126746650 2936039409
1675596615 2456294861 3442079550 1153231332 765737964 3675157830 2477964744 1172063096 2251964271 70291866 431371320
13 322261555 296180345
4028805879 1042595564 3410693676 2970089267 3130237890 1391383282 4145193600 2237450091 211373202 3425859227 1894058340 3367396083 2685335640
1043876572 2586192030 3454313115 3389679237 2106172490 1920475560 2852658675 3222195689 1273860585 2137335810 2069767107 3664251522 3787101887
7 1136051443 339480218
2466225462 2261936670 1865409850 3519780279 3305782931 3925527179 138643315
1862221690 2946634058 2030588100 2569526190 252897751 3913728132 2189930304
6 344485951 159449339
2106940092 3504724048 3052595203 3382487598 3814846685 1808447128
3773522213 3865686258 2662421886 245651863 3237765905 1808414465
1 1630507087 41258683
1363985491
3291484545
5 205879525 621004552
478848318 729079365 954759230 2531503983 1628543335
1624603480 2758983225 2954509513 4192271505 999591202
4 1886525707 1388976435
1612925371 2860560978 2893252245 3720293110
3938455829 4271973635 4113320817 1779324822
13 497845834 698626520
850749738 4176016539 2030312410 3638899896 1373646123 3727021649 915410328 2657729079 1375212558 1729575850 3869166958 1565289000 1007319901
1242795274 1013449440 2855452177 3871497414 1679789093 2981774503 1089861940 3209328021 2312675602 659606955 2256644613 807394178 1714713321
10 1912239361 1914146166
607442095 1269658221 4035681711 2279883171 1224256335 4202330910 2914611350 3811788661 2105908743 441149406
2954443617 4211298714 217708521 2467001644 2780778539 3512325316 4018335119 4117818930 2068922770 3149867050
6 593601167 1593256648
2704175833 916457328 1450145116 3136471168 947282045 1811815272
1515799602 2018817370 2849895315 3223614922 1043209390 2205635201
0 0 0
