811 821
562 796
384 408
554 771
128 641
21 760
643 654
14 117
67 443
756 487
789 352
495 17
466 137
172 780
285 784
793 696
499 71
129 149
354 615
464 655
673 271
509 25
187 395
402 109
622 642
570 209
592 618
442 331
215 335
585 115
736 537
628 794
490 107
603 2
213 515
247 715
184 352
676 151
379 461
255 805
811 616
291 204
134 730
283 613
542 259
382 574
232 498
611 443
193 258
685 99
178 232
234 147
736 669
522 414
745 154
524 380
781 561
247 503
455 796
775 593
802 246
106 207
803 10
712 65
385 472
360 672
367 94
58 85
438 309
460 135
265 345
542 236
341 57
631 318
185 121
555 706
286 77
616 393
407 386
205 78
228 506
560 100
644 541
183 50
713 48
31 502
267 147
181 386
377 122
129 343
323 609
124 310
300 546
785 503
408 746
297 239
190 43
70 494
356 499
604 783
665 733
452 264
269 261
332 688
349 90
779 529
74 186
294 561
714 646
201 803
363 615
801 610
719 747
60 451
559 161
379 716
409 397
564 79
255 586
699 440
547 506
457 531
703 681
4 306
556 204
260 757
219 424
656 10
396 694
136 427
709 333
486 216
445 649
763 731
207 46
576 401
520 152
523 248
501 397
45 623
126 704
59 775
390 410
156 582
26 744
198 536
583 370
385 564
809 315
502 518
633 688
464 809
35 721
96 611
575 371
430 600
517 686
445 725
755 27
263 666
73 32
444 262
660 295
54 707
292 243
225 305
165 266
747 632
49 538
528 465
277 268
567 321
519 355
399 687
76 642
569 225
403 355
651 186
765 580
391 36
597 718
737 719
366 680
655 538
64 670
695 566
169 165
478 581
423 573
55 676
351 534
560 388
354 290
619 323
326 721
150 369
245 187
235 250
612 217
378 423
9 304
324 412
727 470
219 689
305 705
598 272
30 74
702 168
507 83
191 264
449 481
339 275
9 303
438 572
630 334
351 626
125 159
552 504
428 33
130 393
257 530
294 312
366 117
516 406
240 148
620 606
89 429
195 185
799 431
304 105
189 329
102 652
784 787
546 37
256 335
224 16
94 592
773 550
38 720
348 567
608 88
645 740
545 548
520 146
180 578
733 203
15 153
686 723
103 479
436 726
176 289
394 32
545 517
11 362
398 469
233 277
547 691
143 739
124 810
462 669
229 760
398 50
104 617
311 587
473 743
278 198
742 584
697 307
653 508
24 798
341 407
701 61
607 708
254 647
155 436
403 624
563 777
313 226
425 201
20 163
340 692
115 142
131 553
527 306
206 406
714 417
553 673
284 360
432 519
22 199
599 180
221 572
402 793
782 320
450 195
470 774
735 569
23 609
346 387
319 727
174 125
418 250
627 500
263 331
326 30
634 134
118 107
208 116
97 39
401 513
172 61
437 702
536 233
274 69
781 707
416 327
782 237
336 577
266 384
724 680
431 218
588 533
458 368
797 127
41 770
549 344
136 319
44 439
1 491
279 184
465 754
325 738
458 221
657 68
487 800
525 475
674 404
790 20
353 139
330 381
700 373
2 453
716 446
505 166
426 535
587 238
55 245
460 471
640 808
269 626
473 591
95 791
114 770
761 675
753 755
364 395
307 779
575 392
726 157
767 346
482 327
141 505
433 374
525 52
374 610
640 732
276 712
256 390
748 605
367 420
83 492
392 22
625 28
281 581
78 579
556 105
15 80
585 786
160 333
432 456
488 112
489 683
729 618
661 230
203 684
645 259
602 758
5 612
405 202
144 5
216 33
504 223
168 762
285 359
544 763
49 193
450 772
46 93
664 12
14 51
179 214
59 335
657 26
458 580
620 791
661 87
754 577
376 77
34 192
766 417
601 774
6 480
515 530
683 768
122 462
412 253
365 425
689 488
242 526
273 134
98 767
713 579
315 734
731 118
444 453
586 157
99 144
293 372
557 238
93 555
711 311
628 342
328 605
759 752
86 459
771 110
24 677
679 772
7 682
800 162
435 748
8 424
213 541
664 700
251 532
220 29
88 635
710 4
607 16
807 278
108 212
191 123
660 175
80 91
659 646
741 632
26 598
554 691
639 540
171 154
518 102
235 629
595 650
404 318
101 123
746 566
336 652
300 633
677 630
638 13
303 752
441 316
672 788
119 447
593 381
500 422
276 200
152 718
322 171
648 192
419 158
415 656
624 456
583 400
53 629
128 223
301 275
40 565
108 145
389 151
155 678
45 614
596 410
476 768
332 544
72 576
717 420
357 728
637 246
549 357
534 220
295 528
215 239
63 608
531 527
181 6
634 805
705 603
47 485
463 90
757 548
751 663
758 493
684 279
411 282
764 798
177 769
394 539
403 51
146 789
265 447
47 597
486 286
169 338
178 244
273 340
433 675
507 43
537 288
399 667
690 509
160 513
302 227
484 330
722 671
175 284
483 342
142 522
750 71
623 627
362 297
141 299
369 693
681 621
350 114
588 794
451 550
442 222
110 209
164 778
222 274
434 224
496 67
44 308
429 666
258 720
217 382
243 430
101 539
552 31
138 654
164 497
316 467
695 641
273 797
39 667
339 574
84 532
69 40
167 495
12 18
363 148
722 252
29 251
454 439
249 388
241 595
310 377
426 240
126 82
3 790
38 602
478 421
98 131
596 416
749 365
739 474
448 337
619 668
249 236
801 210
638 287
694 229
292 792
162 725
604 375
510 524
715 511
568 13
322 745
559 65
76 658
510 493
521 111
529 635
383 730
313 653
762 452
562 188
75 405
738 154
376 723
287 751
780 625
551 282
485 685
511 87
717 113
280 498
514 182
668 418
671 242
262 268
601 197
441 428
415 119
467 35
649 492
72 735
7 163
434 558
82 57
361 27
121 806
491 622
476 173
347 200
60 218
463 106
489 516
448 92
73 302
614 189
375 231
662 53
468 682
226 477
765 639
710 591
422 75
806 659
298 631
328 214
732 244
696 293
241 459
173 378
786 345
158 802
324 697
521 454
248 188
81 58
450 121
348 267
281 301
590 70
749 104
480 750
211 573
804 807
254 334
494 66
643 283
350 594
36 202
199 709
658 112
421 166
455 371
440 138
140 156
167 41
133 86
551 1
132 743
535 113
52 526
317 370
364 773
728 679
711 678
314 514
256 533
449 508
756 63
600 471
111 3
647 557
776 753
373 92
701 409
48 353
320 589
804 413
698 317
648 11
194 171
210 594
490 788
312 687
19 230
749 582
435 299
227 799
563 358
64 17
66 62
380 179
744 272
18 23
260 469
543 170
740 145
387 636
206 706
483 795
523 744
481 296
589 135
205 270
543 636
37 132
810 732
764 466
479 62
446 344
637 81
776 176
690 413
337 651
663 698
79 650
613 296
703 290
212 662
359 103
729 578
497 349
644 34
137 811
308 183
699 584
356 501
170 211
139 253
742 314
85 741
42 325
624 28
228 270
149 766
25 472
475 95
100 42
116 741
68 237
89 343
606 621
693 785
159 792
368 109
196 329
358 419
33 376
194 427
482 468
708 56
96 411
56 787
161 670
182 91
97 474
84 674
540 143
389 565
769 153
778 252
133 347
120 208
496 396
257 21
196 289
391 8
338 234
19 665
298 568
512 599
368 309
558 54
692 271
737 85
361 291
783 512
321 197
190 261
461 280
174 704
617 140
414 457
127 383
437 484
130 777
734 177
120 761
372 571
724 570
150 104
477 571
231 288
590 400
808 244
