992 1000
608 525
270 819
766 728
109 494
336 280
741 147
681 971
702 6
6 694
793 660
889 680
189 446
949 910
911 969
559 339
818 667
821 345
833 337
800 265
974 678
644 518
293 112
491 291
916 32
832 804
250 567
756 932
205 257
537 664
39 871
507 390
731 777
864 70
930 42
261 588
615 777
396 387
61 813
722 939
502 9
887 400
319 300
390 70
808 303
702 678
561 796
908 391
583 157
257 415
558 561
754 184
598 912
504 780
944 546
578 491
49 687
809 953
5 245
81 401
511 311
261 851
192 430
681 27
79 698
139 830
549 701
91 567
501 77
539 722
43 98
112 199
433 295
28 869
809 51
518 229
517 438
141 768
449 7
521 140
127 891
173 669
239 210
147 469
453 487
762 939
705 158
581 353
19 806
394 986
480 769
98 959
685 67
492 932
411 3
868 928
410 709
37 560
199 892
288 216
524 299
788 473
546 483
923 393
24 626
455 217
581 398
309 126
87 633
896 513
1 607
49 598
972 453
676 477
260 588
983 582
29 166
846 703
399 90
84 72
881 160
588 27
857 731
830 546
544 132
143 284
824 44
195 530
412 460
135 245
193 496
885 693
49 801
205 868
136 533
629 824
197 130
286 713
537 192
818 429
767 793
213 748
665 232
148 29
930 721
323 747
135 569
657 365
986 309
228 479
625 950
529 311
112 748
707 647
475 1
610 135
45 89
586 37
97 580
581 562
299 522
80 787
657 822
549 303
840 676
23 711
426 885
786 820
367 102
578 329
640 723
410 374
593 611
731 696
39 313
479 958
834 849
432 568
261 987
923 880
974 464
242 8
381 692
96 167
199 976
243 71
127 166
187 29
19 293
122 410
243 172
188 21
102 123
336 310
34 847
718 94
623 203
233 201
805 188
426 63
884 632
236 724
809 373
519 895
189 376
779 354
869 200
903 388
596 399
753 478
808 590
676 631
829 815
57 873
879 354
923 141
163 575
396 874
214 435
144 818
438 326
658 152
4 298
713 200
921 917
567 901
562 842
981 440
871 468
122 629
620 402
239 645
468 630
853 17
127 99
172 316
893 666
861 399
928 870
16 301
458 687
909 3
581 249
266 857
145 476
627 421
46 32
44 815
814 399
537 258
933 980
100 291
551 657
511 106
368 176
450 286
969 925
62 691
123 790
668 918
564 477
683 52
640 338
694 422
199 823
40 9
716 884
214 373
410 321
140 416
590 1
492 989
785 710
708 748
11 305
847 748
617 727
337 593
196 448
183 281
242 334
208 56
749 932
866 167
568 561
338 29
200 857
264 244
498 8
261 846
188 260
105 939
703 844
845 396
404 320
479 461
237 916
483 154
390 678
620 918
428 209
866 312
653 655
608 375
30 839
612 13
124 889
795 536
355 338
322 323
496 240
458 964
8 396
767 221
479 780
956 845
771 521
607 746
98 497
406 2
714 606
833 261
200 199
537 928
436 720
781 182
744 656
820 924
814 850
750 574
545 686
876 926
879 510
353 420
134 594
75 952
702 423
945 293
861 276
235 568
297 130
714 399
4 210
523 931
687 656
83 968
538 370
189 317
149 879
192 273
570 359
827 635
97 671
717 323
583 960
748 990
392 270
849 426
95 39
462 301
552 164
61 403
706 762
397 531
399 857
50 251
579 759
992 367
493 915
922 299
203 330
890 443
692 123
572 428
728 575
78 247
153 987
909 346
958 502
683 303
971 255
75 826
127 404
106 247
839 396
830 868
416 204
628 957
446 407
719 483
783 791
200 395
68 538
275 152
269 322
634 250
448 67
585 123
431 288
104 758
919 442
810 445
203 712
31 130
111 185
977 435
122 318
686 198
553 870
495 801
640 417
555 618
775 224
806 820
152 635
655 758
295 172
724 862
619 599
198 800
542 368
85 114
562 175
511 557
205 597
117 803
416 116
136 331
93 233
669 714
162 881
310 976
729 767
753 737
513 795
659 837
288 434
541 358
169 520
608 568
341 715
760 331
799 811
489 326
532 266
632 181
8 53
697 192
142 489
909 456
215 466
787 205
728 134
155 986
735 419
363 738
125 98
70 161
324 570
296 481
593 283
945 505
2 69
666 702
800 88
168 603
46 465
411 973
776 856
293 559
858 774
427 682
493 437
526 603
660 220
918 26
992 982
11 337
727 186
216 913
819 409
261 871
909 18
371 863
788 733
917 347
898 461
705 226
603 736
205 309
128 895
447 595
621 540
967 976
340 931
528 833
826 632
18 315
500 105
340 137
231 19
13 241
180 507
804 341
218 58
914 449
2 906
750 477
151 389
364 818
695 200
825 356
147 209
363 22
569 259
97 323
866 408
761 753
301 218
147 643
516 76
477 780
827 948
164 673
554 663
733 942
515 181
566 14
370 325
463 413
540 311
17 836
764 800
49 571
243 145
410 687
633 55
579 878
85 283
406 199
902 707
399 118
112 252
224 782
650 638
769 442
136 482
816 672
770 92
798 974
479 747
167 466
748 217
727 318
257 491
543 328
200 868
614 579
277 569
991 242
570 397
470 397
139 592
56 664
581 588
573 308
152 410
990 935
55 198
599 46
292 416
145 235
828 815
108 551
262 192
601 291
86 67
835 441
718 622
779 705
550 320
257 584
350 204
83 438
230 181
854 405
569 199
752 868
353 567
880 975
823 872
940 967
918 653
120 399
512 485
936 814
861 492
90 125
791 777
907 537
41 459
745 196
243 166
692 724
676 966
184 654
467 134
467 535
96 274
887 329
769 366
594 170
98 225
410 162
575 506
914 516
343 256
508 259
151 464
216 788
863 140
382 990
77 590
211 637
818 848
254 981
471 787
362 396
714 332
10 265
51 307
45 608
899 285
379 783
489 661
918 448
178 541
588 934
700 546
198 71
185 119
207 577
565 588
899 930
183 125
691 739
210 951
692 284
513 909
311 542
858 920
961 130
474 565
134 296
14 954
978 505
112 147
636 689
659 588
604 348
577 569
182 889
238 588
631 361
17 141
674 208
165 594
855 625
358 647
732 191
267 911
132 148
613 157
817 559
8 23
965 839
503 13
50 351
424 766
520 227
676 347
615 555
928 720
697 54
444 64
8 164
413 575
440 588
206 67
569 625
540 636
843 870
61 747
952 121
726 70
453 335
279 720
772 423
360 654
168 282
865 344
213 36
699 339
748 294
371 563
12 649
779 373
49 730
181 918
314 565
931 985
251 857
710 27
312 930
41 166
813 778
937 308
814 326
451 544
52 773
27 243
239 425
702 150
55 988
427 818
690 291
688 962
882 105
857 680
290 827
927 899
198 133
79 18
670 130
293 534
410 187
386 151
164 65
518 369
300 103
5 646
969 628
666 411
357 23
582 123
499 723
701 810
309 743
641 708
832 453
448 198
911 589
485 886
232 438
414 106
486 485
202 911
876 688
734 767
570 343
979 681
648 229
409 169
867 261
209 691
421 710
678 84
894 502
115 628
243 518
740 242
148 92
880 354
452 145
212 579
56 344
613 191
264 325
513 278
355 101
818 858
272 720
957 821
306 125
409 608
165 541
946 690
496 130
794 758
79 457
384 760
879 73
859 374
148 599
420 613
167 591
835 420
129 505
418 979
550 372
194 182
705 642
454 795
602 776
325 252
582 588
262 271
233 236
147 614
838 578
714 516
941 516
428 652
895 348
299 702
875 595
936 63
848 677
678 767
364 548
23 349
578 775
223 33
1 714
47 496
984 731
897 720
439 513
929 829
820 174
110 125
117 38
669 718
202 57
353 210
765 147
812 743
646 383
673 672
243 904
100 234
514 22
763 26
533 98
13 680
712 779
662 935
201 488
820 443
19 302
380 193
955 440
576 19
725 511
857 287
326 177
219 29
401 164
963 974
555 494
742 236
131 424
818 456
235 602
90 288
919 830
766 327
720 405
559 751
416 12
472 970
860 125
923 352
777 804
520 938
393 289
308 511
650 880
852 351
380 113
789 594
156 399
138 939
792 540
957 268
517 651
46 905
543 36
60 286
385 582
871 560
328 100
821 438
200 479
579 903
223 848
243 456
654 412
807 188
831 80
128 888
258 947
263 130
940 910
39 64
265 356
489 877
1 137
509 399
66 348
59 346
446 672
547 323
679 814
970 868
53 239
377 703
229 490
25 457
56 717
727 841
883 6
46 15
120 48
304 136
156 699
293 622
74 696
657 741
687 22
343 326
22 797
637 19
497 624
556 347
512 608
799 767
976 119
146 187
900 730
847 193
527 830
195 743
46 333
312 243
243 423
969 741
325 190
554 694
395 117
789 684
248 68
165 123
675 222
348 606
757 205
253 422
100 378
615 876
300 396
308 342
545 616
457 735
403 600
245 587
256 445
112 493
120 168
232 626
331 139
847 107
954 639
577 449
134 82
114 246
639 353
391 648
622 704
755 730
354 251
871 609
599 943
12 447
682 20
653 484
428 35
12 219
347 462
312 654
105 437
694 222
753 885
980 609
242 159
681 396
594 179
802 87
784 312
171 703
605 49
311 123
