970 999
760 755
113 365
266 19
486 476
767 213
818 145
765 114
752 563
930 199
64 399
700 920
459 248
220 946
48 205
842 132
880 388
143 26
517 254
360 289
261 832
195 85
274 476
534 502
918 200
906 784
224 896
768 349
353 580
872 604
769 122
383 911
66 112
777 372
767 373
545 193
14 71
777 285
415 252
358 745
97 41
617 715
579 266
404 668
779 965
79 427
125 328
663 538
38 965
488 690
623 85
105 452
628 151
327 243
271 510
651 579
687 822
638 680
204 417
626 602
512 759
227 548
577 206
467 487
935 789
370 650
624 783
621 517
798 356
627 383
558 845
730 330
249 223
507 348
503 250
540 659
913 575
217 591
229 309
698 490
643 893
962 841
644 261
176 564
798 51
955 123
962 518
816 716
967 783
371 334
507 654
376 465
59 85
425 791
948 563
12 853
483 193
36 634
302 454
122 476
172 158
642 756
642 764
359 957
503 774
948 256
280 871
130 945
520 860
281 372
235 28
210 958
258 686
424 421
156 564
647 224
447 463
475 485
538 791
321 48
455 281
884 309
41 189
883 854
866 93
558 543
366 222
736 708
837 100
389 354
445 602
694 789
747 859
862 934
417 942
702 921
214 859
163 776
234 708
134 876
71 514
120 796
271 628
597 251
518 667
737 902
623 491
133 393
508 437
915 794
437 797
873 820
697 365
528 734
682 269
955 478
444 202
750 539
835 179
946 604
102 560
17 759
680 841
648 876
555 321
94 653
206 602
437 334
16 88
13 830
406 361
483 261
271 669
500 944
457 782
641 537
387 625
485 860
243 326
633 666
618 32
208 383
246 103
922 83
339 824
867 838
955 538
443 88
235 813
391 760
34 580
50 33
179 97
98 251
201 281
62 688
169 943
620 154
124 98
841 759
9 919
791 956
718 190
325 106
168 657
880 330
841 431
412 66
943 64
887 748
394 279
782 538
700 866
513 617
939 654
809 859
891 864
284 621
868 48
68 814
264 132
782 315
477 435
803 421
583 559
480 134
559 392
881 595
267 160
595 85
607 837
819 90
49 821
121 229
484 25
628 202
827 245
310 121
649 797
220 347
141 434
824 603
547 15
809 45
421 666
67 622
228 647
798 121
756 587
955 121
90 953
246 685
953 549
823 882
753 906
571 418
485 492
773 421
811 478
901 615
13 931
331 535
364 688
282 190
436 570
790 599
65 640
862 807
513 552
453 167
823 847
744 875
152 776
745 155
731 256
686 912
425 292
538 184
616 76
99 654
336 364
90 943
653 639
25 85
757 839
111 147
453 936
31 775
680 603
209 566
206 629
762 674
389 933
760 702
849 310
528 831
499 676
829 683
150 638
929 58
503 464
532 100
71 378
28 42
209 684
25 728
680 531
321 210
657 4
189 379
53 463
684 339
7 636
525 450
318 274
416 453
566 12
839 261
67 935
539 899
595 467
137 129
221 683
794 570
819 501
347 325
212 470
839 27
957 195
11 71
461 205
876 916
190 785
27 489
410 592
311 860
265 565
1 379
262 369
603 199
845 21
761 503
346 261
864 109
355 951
198 526
608 903
253 792
403 474
807 935
576 393
122 210
507 56
717 211
844 157
954 879
88 439
39 197
917 127
679 192
49 255
687 44
872 877
643 453
271 358
507 780
532 291
937 956
687 422
310 544
196 126
372 342
577 429
505 263
577 892
623 857
421 42
536 396
460 647
862 322
542 924
378 610
358 226
407 190
304 513
463 589
408 956
925 732
30 684
452 893
344 952
308 601
643 909
304 77
127 905
452 721
10 393
449 406
391 217
855 78
307 638
185 86
706 59
304 655
50 665
850 43
58 451
61 568
299 67
82 247
466 49
659 528
523 389
651 740
800 620
228 278
662 331
21 590
898 632
131 874
515 865
190 515
868 637
86 508
658 286
911 554
553 442
664 61
523 570
39 376
411 787
938 504
308 225
312 961
910 157
55 296
589 789
677 383
107 854
172 643
284 412
215 628
912 522
281 957
389 538
901 879
882 52
227 25
100 385
861 231
678 767
242 771
131 890
346 586
451 340
239 855
862 815
919 418
776 887
844 138
868 262
684 298
868 279
743 147
748 661
85 130
175 14
284 419
530 353
799 712
428 205
638 768
507 647
631 443
195 613
943 415
820 816
596 186
488 911
897 494
684 855
699 868
840 585
243 861
834 248
751 732
495 154
830 275
569 459
639 523
855 864
821 624
588 741
521 656
353 838
362 407
568 160
794 115
243 451
525 473
91 2
195 413
574 556
923 876
358 528
411 345
333 122
446 886
841 47
333 218
826 565
629 652
143 952
393 614
438 25
438 126
596 907
727 594
802 290
338 332
298 772
79 856
916 121
300 334
709 212
340 46
155 571
35 566
909 149
775 658
706 456
854 565
15 941
305 571
198 837
206 912
51 578
167 277
494 968
913 683
895 382
424 625
768 722
382 323
776 757
711 415
509 933
116 747
168 153
37 947
598 91
317 623
943 955
363 313
92 79
915 242
678 935
693 154
369 120
794 355
434 367
41 25
944 244
763 941
821 628
709 85
71 829
503 246
753 888
538 504
172 43
463 481
73 754
243 779
31 319
441 714
452 776
393 580
651 804
220 550
675 885
21 684
206 960
572 366
629 760
950 589
90 263
252 629
729 341
635 212
195 377
527 231
918 589
366 583
165 121
397 946
963 210
564 371
316 439
273 882
737 778
401 433
537 355
337 684
538 629
353 897
608 173
760 655
353 54
320 184
776 183
957 211
766 761
816 703
238 384
411 715
675 272
422 541
135 105
812 467
640 176
57 61
623 609
878 347
343 339
437 163
692 288
726 458
398 943
395 130
960 400
598 673
883 248
374 725
535 343
153 205
798 768
849 20
85 305
261 489
743 822
828 452
948 900
311 29
771 354
634 181
776 680
944 490
538 763
696 409
417 64
217 140
70 798
161 672
142 933
144 573
609 646
71 644
178 42
329 365
852 684
184 104
237 71
122 817
733 598
72 798
677 692
79 340
760 885
697 807
723 906
81 375
707 245
469 671
216 822
340 940
468 558
24 740
289 124
411 543
846 658
301 42
103 836
199 704
25 477
348 700
794 877
622 405
847 734
493 353
375 3
3 96
384 625
861 848
411 808
547 551
420 41
467 63
494 758
788 213
251 198
790 885
746 767
947 933
587 658
582 146
914 217
710 660
79 341
887 529
10 742
567 396
830 655
538 935
957 664
511 182
571 851
529 180
538 423
833 23
891 744
825 229
377 365
553 401
671 461
324 211
943 143
80 699
675 959
465 538
859 234
776 716
375 600
347 663
211 919
477 335
585 916
949 503
148 283
805 674
966 663
704 240
708 713
99 310
637 776
154 801
351 7
781 821
465 118
460 885
675 166
34 381
881 496
557 678
644 556
538 56
579 122
911 295
458 310
957 827
497 176
792 447
581 759
88 340
85 689
28 932
964 5
612 90
339 375
881 691
74 699
882 863
192 121
709 56
7 281
524 623
709 406
738 48
314 599
692 770
331 98
858 716
261 230
243 306
754 730
407 90
823 236
935 621
720 559
87 952
506 677
674 565
448 209
788 605
696 514
759 630
728 682
25 386
41 257
260 101
18 406
611 313
340 31
868 539
350 207
818 472
223 356
516 558
940 164
132 898
900 760
132 5
818 787
350 142
741 303
453 370
699 895
940 898
367 799
139 813
191 887
8 458
702 34
276 807
373 751
68 862
438 741
168 927
153 735
823 151
84 440
573 272
178 232
645 608
98 25
55 560
560 628
474 911
95 260
87 380
911 969
430 615
379 293
749 918
594 642
374 890
17 719
910 64
40 371
584 128
576 49
245 432
378 684
682 94
270 232
56 414
681 463
157 410
114 347
437 542
680 778
798 562
440 515
539 559
32 46
489 283
538 371
314 426
128 818
437 596
154 367
519 922
305 642
357 965
922 368
485 876
290 871
206 687
870 170
392 312
776 71
47 896
672 795
119 295
904 955
328 702
447 724
310 6
843 778
885 911
406 833
110 29
284 332
538 378
680 170
375 928
162 307
684 810
520 252
21 290
603 561
374 2
132 297
926 656
219 930
2 595
294 410
259 202
35 83
499 807
818 454
415 462
153 64
404 134
566 525
511 676
901 887
454 177
171 479
700 970
60 863
536 268
22 251
716 534
436 441
187 612
115 136
499 701
233 652
56 753
42 580
911 446
966 401
543 287
793 356
683 582
56 628
806 417
889 716
159 259
656 210
330 451
869 841
935 451
117 603
127 810
593 251
739 668
895 786
57 284
498 446
503 855
101 779
807 567
411 629
424 352
705 878
957 188
634 241
194 935
628 421
894 812
935 283
507 747
78 390
611 596
716 795
903 389
801 347
665 808
771 679
625 944
825 308
546 196
841 533
610 908
525 606
75 728
935 350
12 171
760 137
69 124
643 203
81 402
805 215
670 661
257 482
852 471
861 247
619 291
736 48
779 122
336 965
283 695
48 660
616 965
89 21
478 634
108 242
174 678
