675797
1194170
1607759
1838316
945988
3974829
3051862
2734489
551577
3497211
461759
2196617
775826
348258
183189
1922747
2572779
144212
1988383
3428797
864547
3994861
490828
2066432
3795087
3938973
1367684
1732448
1677002
2681812
1613497
2092868
1046547
3414542
1783386
232031
3306862
2080545
2017869
3496539
2817906
2876823
888816
374195
638241
1293898
2262190
1817177
3706161
2816034
1528283
1217689
424375
439392
1652267
1900427
1616583
3635405
3176364
703707
962580
1972914
2301
731407
2013912
2886752
1563755
31998
3507365
2024408
1262169
696344
1322311
337653
965209
1832851
2797500
3738757
3169527
2767651
516038
3398463
3066549
3928505
2124954
335484
919766
3223
553142
1964811
3663806
3960739
3901327
1988517
1697667
3097657
640353
3339842
1813456
1931025
0
