743025
3611264
1757122
2645565
2414484
1336204
3162139
3686907
1212176
1997503
3751974
982025
263027
1320500
3415251
1045529
1250977
2271144
20383
1599389
74288
876461
1310377
4507
2378409
3255469
3340277
402413
3600975
3412106
3275104
2873257
16975
3131712
2227655
774900
2663769
1146214
513762
2764240
1382121
984886
2043388
1200605
2173212
1661034
996091
2942889
2783339
594032
3217381
1934959
3407533
2387574
747343
702561
1801756
509382
3279701
947449
1938675
824294
3949237
1720004
3270499
3146857
244051
3421824
2805577
3524298
3336068
1484725
1953262
34932
493439
424737
3819037
1957009
2076311
323430
961724
794925
3369099
3263436
2376151
1105248
2589215
793845
3896356
807176
3308875
3761705
3615917
524596
357577
89003
903918
1410446
3747602
3176125
0
