827060
3987862
1072780
396719
508013
908968
299986
2490568
651063
767638
2606836
3721692
1266798
535803
1971146
1691098
1211862
929810
1947244
3828444
3828555
1107414
2432135
1071870
2091745
2658997
2806019
3353006
3392804
2453928
3836297
977698
2601055
778175
3911945
1679762
1117811
1107254
278398
2075142
2974251
1619964
3615557
3846755
3865650
2635770
1187191
994800
16674
3558620
3457708
573639
1007528
3209664
2842463
1076274
2775314
1086036
3893056
3767942
1642978
3130610
1140817
342613
3841233
214081
2465466
2174924
1412526
3399161
1186351
3212293
1612997
2140714
1645818
406686
1580143
245640
838745
397107
3647785
2895731
1747287
1045238
3174331
2325361
1804981
3911076
2075375
3844315
3736257
1899775
1646017
792016
940372
1812368
2620236
3643470
36332
474593
0
