911095
880277
388438
2147872
2085725
481732
1953648
1810045
89950
3537772
1461698
1945544
1754753
3751105
11225
2852483
1172747
3588475
3874105
1541684
3582823
822551
69710
2139233
1805081
1546709
2787577
2303600
3184633
979934
913307
3082138
1700952
2940453
1080420
3100440
3571852
1068294
43034
1901860
50566
2255042
671911
3008722
1042273
3094690
862475
2530894
734192
2523209
3698035
3728134
2607522
3515938
1453400
1449987
264689
2178506
1022228
2072620
1863097
1952743
1816580
2965221
411968
1797120
686882
412208
535291
3789840
2520817
939862
1788548
762313
3314013
388635
3857064
2018454
3601178
470784
2333847
1512354
125475
3342855
3972511
3545474
1020747
2512492
254394
3397271
163640
3522028
3676116
1575252
1523167
3535733
852371
1360679
325061
1773060
0
