978323
2781555
537801
2955121
3554221
1843106
2063925
2246647
750549
2553880
236098
730952
1241954
1239164
3243287
1975265
3850944
1715408
1906105
3712275
2276748
1704150
889259
77308
388403
1379021
760171
973565
1624423
1710228
2059098
3862527
671380
2657623
1524689
3127493
3444575
133963
3054742
1169561
2614780
363105
1826483
3835132
2577244
3461826
3596375
172423
3811369
301207
1387134
445405
1590681
1464121
548476
3736304
449862
2536666
1125565
2316362
2323376
804123
1763517
3953818
1668555
2057225
3882993
317851
3833502
1289731
594717
1212427
2419499
459592
2842243
2980520
878602
236706
2507962
2026562
3295349
2392999
428025
2677786
223709
831055
2690196
3303114
3597608
1723820
3808708
3838810
3390706
3595514
183077
527079
1115936
3431282
2259207
3018160
0
