1062358
3673969
3853458
706275
1647750
1415870
3201771
1566124
189436
808199
3090959
3470619
1729909
454467
1283366
3136650
3811829
374074
3832966
1941331
2031016
1419287
2526833
1144671
101739
266733
741729
3924158
1416252
236234
3136107
1966968
3255460
304086
3208979
548172
1898617
95003
2819378
480463
3691094
998183
3398652
2997099
269683
436563
3271659
1708517
1044704
3265795
1627461
3084084
3706491
2286211
2643596
110018
1423420
3629136
1738920
621040
2543495
3110439
2955096
2576427
2239289
3124448
2104409
2555134
2956267
1164594
2444999
2939995
2079234
2565374
510439
2962469
3155523
2009520
1270396
1584423
1981411
1009622
2806212
459588
1021889
2051168
1390146
2420346
1776627
1276776
236091
1461064
1420806
3862934
765872
2250444
2832254
1148491
3063752
316628
0
