1146393
566384
3169116
2973244
3741278
988634
339618
369785
144139
3578333
1945821
2210287
2217864
3669769
3839260
3782219
288531
3032739
1759828
3654570
2301100
1650240
164408
2212034
3815074
3670260
207471
2874752
1208081
3278055
3697300
3555592
1839541
1950548
893270
1453034
352659
56043
2584014
307181
767409
1633261
455006
2159066
1446305
895483
3462759
3760427
1762222
2230384
1867788
1722764
1306486
2592485
1254533
483731
2912794
205791
2868091
3441533
2247798
1932572
3630859
683220
2810023
191672
325825
1308234
1563216
1555273
3779465
667564
1738969
1186973
2178634
3460234
916629
3782334
32830
1658100
667473
3626244
1184400
2241389
1820069
3271281
605912
1537578
3955645
313916
663473
3599133
3450905
646171
1348667
3973809
548573
3381515
3352481
1615095
0
