1213621
2467662
3318479
3264677
1209775
2350008
449895
1322203
804738
2594441
1236037
995695
2220881
642012
3071323
3420817
2450912
1159672
307644
1825162
995025
2016023
468141
150109
2398396
2986756
2180064
1544717
3647870
8350
1358908
335982
809969
2183534
1337539
1995903
225382
3121711
1595723
3574881
3331623
3741323
1609578
2985476
3497092
1262619
2196660
886140
839400
8382
3556886
2440034
289645
540668
349609
3285864
3097967
1079767
2455612
3685275
3223893
783952
93613
1671817
66611
451777
3006120
698061
861428
3055163
1853365
940129
2885736
368436
1706864
2052120
1938166
2516402
2939613
3213878
1113159
506890
1486950
1576320
2071266
556862
2275361
2328200
3298860
3156280
308542
3400099
3165495
2666433
524393
449339
1327954
1452119
1286628
2860195
0
