1297656
3360076
2118321
1531647
3303303
1922772
2103557
125864
243625
848760
3575082
3219546
2708836
3857314
1111402
66387
2927613
3818337
2234505
54218
749293
2246976
2105715
1217472
2111732
2390284
2161622
495311
3439699
2534355
2435917
2440422
3909865
3829996
2506013
2900765
2679423
2566935
1360359
3401599
923754
376402
3181747
2147443
673715
2237355
1871944
2938050
1556918
2972970
3797213
1594530
1889639
1362758
2960545
3659577
71526
1656421
3584783
1989953
2928196
3606084
769376
294426
121529
2034816
1743352
2935344
3984192
2930026
3703647
2667697
2545471
2990034
2859243
2034069
215088
289217
1186231
3287555
3799220
3123512
3865137
3873937
2869446
1776975
1491127
929616
1477879
2193420
1251740
1022353
1195595
2933853
591372
2688520
3044272
3169327
1575357
158663
0
